Time (s);Channel 0;Sampling Rate
0.000000;0.000000;512
0.000000;0.000000
0.001953;0.198669
0.003906;0.389418
0.005859;0.564642
0.007812;0.717356
0.009766;0.841471
0.011719;0.932039
0.013672;0.985450
0.015625;0.999574
0.017578;0.973848
0.019531;0.909297
0.021484;0.808496
0.023438;0.675463
0.025391;0.515501
0.027344;0.334988
0.029297;0.141120
0.031250;-0.058374
0.033203;-0.255541
0.035156;-0.442520
0.037109;-0.611858
0.039062;-0.756803
0.041016;-0.871576
0.042969;-0.951602
0.044922;-0.993691
0.046875;-0.996165
0.048828;-0.958924
0.050781;-0.883455
0.052734;-0.772764
0.054688;-0.631267
0.056641;-0.464602
0.058594;-0.279415
0.060547;-0.083089
0.062500;0.116549
0.064453;0.311541
0.066406;0.494113
0.068359;0.656987
0.070312;0.793668
0.072266;0.898708
0.074219;0.967920
0.076172;0.998543
0.078125;0.989358
0.080078;0.940731
0.082031;0.854599
0.083984;0.734397
0.085938;0.584917
0.087891;0.412118
0.089844;0.222890
0.091797;0.024775
0.093750;-0.174327
0.095703;-0.366479
0.097656;-0.544021
0.099609;-0.699875
0.101562;-0.827827
0.103516;-0.922776
0.105469;-0.980936
0.107422;-0.999990
0.109375;-0.979178
0.111328;-0.919328
0.113281;-0.822828
0.115234;-0.693525
0.117188;-0.536573
0.119141;-0.358229
0.121094;-0.165604
0.123047;0.033623
0.125000;0.231510
0.126953;0.420167
0.128906;0.592074
0.130859;0.740376
0.132812;0.859162
0.134766;0.943696
0.136719;0.990607
0.138672;0.998027
0.140625;0.965658
0.142578;0.894791
0.144531;0.788252
0.146484;0.650288
0.148438;0.486398
0.150391;0.303118
0.152344;0.107753
0.154297;-0.091907
0.156250;-0.287904
0.158203;-0.472422
0.160156;-0.638107
0.162109;-0.778352
0.164062;-0.887567
0.166016;-0.961398
0.167969;-0.996900
0.169922;-0.992659
0.171875;-0.948844
0.173828;-0.867202
0.175781;-0.750987
0.177734;-0.604833
0.179688;-0.434565
0.181641;-0.246973
0.183594;-0.049535
0.185547;0.149877
0.187500;0.343315
0.189453;0.523066
0.191406;0.681964
0.193359;0.813674
0.195312;0.912945
0.197266;0.975821
0.199219;0.999793
0.201172;0.983907
0.203125;0.928795
0.205078;0.836655
0.207031;0.711161
0.208984;0.557315
0.210938;0.381250
0.212891;0.189986
0.214844;-0.008852
0.216797;-0.207337
0.218750;-0.397556
0.220703;-0.571926
0.222656;-0.723495
0.224609;-0.846221
0.226562;-0.935210
0.228516;-0.986916
0.230469;-0.999276
0.232422;-0.971798
0.234375;-0.905578
0.236328;-0.803255
0.238281;-0.668910
0.240234;-0.507896
0.242188;-0.326635
0.244141;-0.132351
0.246094;0.067208
0.248047;0.264089
0.250000;0.450441
0.251953;0.618835
0.253906;0.762559
0.255859;0.875881
0.257812;0.954285
0.259766;0.994645
0.261719;0.995351
0.263672;0.956376
0.265625;0.879273
0.267578;0.767116
0.269531;0.624377
0.271484;0.456746
0.273438;0.270905
0.275391;0.074265
0.277344;-0.125336
0.279297;-0.319940
0.281250;-0.501790
0.283203;-0.663634
0.285156;-0.799022
0.287109;-0.902555
0.289062;-0.970106
0.291016;-0.998982
0.292969;-0.988032
0.294922;-0.937692
0.296875;-0.849969
0.298828;-0.728360
0.300781;-0.577715
0.302734;-0.404037
0.304688;-0.214252
0.306641;-0.015925
0.308594;0.183036
0.310547;0.374701
0.312500;0.551427
0.314453;0.706170
0.316406;0.832760
0.318359;0.926150
0.320312;0.982618
0.322266;0.999912
0.324219;0.977342
0.326172;0.915809
0.328125;0.817766
0.330078;0.687121
0.332031;0.529082
0.333984;0.349951
0.335938;0.156868
0.337891;-0.042469
0.339844;-0.240112
0.341797;-0.428183
0.343750;-0.599184
0.345703;-0.746297
0.347656;-0.863658
0.349609;-0.946587
0.351562;-0.991779
0.353516;-0.997432
0.355469;-0.963320
0.357422;-0.890804
0.359375;-0.782774
0.361328;-0.643538
0.363281;-0.478645
0.365234;-0.294671
0.367188;-0.098949
0.369141;0.100718
0.371094;0.296369
0.373047;0.480205
0.375000;0.644897
0.376953;0.783879
0.378906;0.891610
0.380859;0.963796
0.382812;0.997557
0.384766;0.991550
0.386719;0.946012
0.388672;0.862760
0.390625;0.745113
0.392578;0.597760
0.394531;0.426576
0.396484;0.238386
0.398438;0.040693
0.400391;-0.158623
0.402344;-0.351615
0.404297;-0.530590
0.406250;-0.688411
0.408203;-0.818788
0.410156;-0.916522
0.412109;-0.977717
0.414062;-0.999934
0.416016;-0.982286
0.417969;-0.925478
0.419922;-0.831774
0.421875;-0.704910
0.423828;-0.549943
0.425781;-0.373052
0.427734;-0.181288
0.429688;0.017703
0.431641;0.215988
0.433594;0.405662
0.435547;0.579165
0.437500;0.729577
0.439453;0.850904
0.441406;0.938308
0.443359;0.988304
0.445312;0.998900
0.447266;0.969673
0.449219;0.901788
0.451172;0.797952
0.453125;0.662304
0.455078;0.500251
0.457031;0.318256
0.458984;0.123572
0.460938;-0.076037
0.462891;-0.272616
0.464844;-0.458326
0.466797;-0.625764
0.468750;-0.768255
0.470703;-0.880118
0.472656;-0.956894
0.474609;-0.995521
0.476562;-0.994460
0.478516;-0.953752
0.480469;-0.875022
0.482422;-0.761408
0.484375;-0.617438
0.486328;-0.448853
0.488281;-0.262374
0.490234;-0.065435
0.492188;0.134113
0.494141;0.328314
0.496094;0.509427
0.498047;0.670230
0.500000;0.804313
0.501953;0.906331
0.503906;0.972216
0.505859;0.999342
0.507812;0.986627
0.509766;0.934579
0.511719;0.845272
0.513672;0.722267
0.515625;0.570467
0.517578;0.395924
0.519531;0.205598
0.521484;0.007074
0.523438;-0.191731
0.525391;-0.382893
0.527344;-0.558790
0.529297;-0.712409
0.531250;-0.837628
0.533203;-0.929452
0.535156;-0.984223
0.537109;-0.999755
0.539062;-0.975431
0.541016;-0.912219
0.542969;-0.812639
0.544922;-0.680663
0.546875;-0.521550
0.548828;-0.341645
0.550781;-0.148120
0.552734;0.051311
0.554688;0.248695
0.556641;0.436166
0.558594;0.606247
0.560547;0.752160
0.562500;0.868086
0.564453;0.949404
0.566406;0.992873
0.568359;0.996759
0.570312;0.960907
0.572266;0.886747
0.574219;0.777235
0.576172;0.636737
0.578125;0.470855
0.580078;0.286201
0.582031;0.090137
0.583984;-0.109520
0.585938;-0.304811
0.587891;-0.487951
0.589844;-0.651637
0.591797;-0.789344
0.593750;-0.895583
0.595703;-0.966118
0.597656;-0.998137
0.599609;-0.990363
0.601562;-0.943106
0.603516;-0.858251
0.605469;-0.739180
0.607422;-0.590640
0.609375;-0.418554
0.611328;-0.229780
0.613281;-0.031847
0.615234;0.167357
0.617188;0.359888
0.619141;0.538072
0.621094;0.694804
0.623047;0.823837
0.625000;0.920026
0.626953;0.979537
0.628906;0.999996
0.630859;0.980589
0.632812;0.922089
0.634766;0.826828
0.636719;0.698604
0.638672;0.542529
0.640625;0.364825
0.642578;0.172576
0.644531;-0.026552
0.646484;-0.224622
0.648438;-0.413737
0.650391;-0.586358
0.652344;-0.735602
0.654297;-0.855520
0.656250;-0.941332
0.658203;-0.989615
0.660156;-0.998446
0.662109;-0.967472
0.664062;-0.897927
0.666016;-0.792585
0.667969;-0.655646
0.669922;-0.492567
0.671875;-0.309852
0.673828;-0.114784
0.675781;0.084860
0.677734;0.281122
0.679688;0.466175
0.681641;0.632644
0.683594;0.773891
0.685547;0.884286
0.687500;0.959427
0.689453;0.996319
0.691406;0.993490
0.693359;0.951054
0.695312;0.870703
0.697266;0.755640
0.699219;0.610451
0.701172;0.440926
0.703125;0.253822
0.705078;0.056600
0.707031;-0.142879
0.708984;-0.336662
0.710938;-0.517024
0.712891;-0.676773
0.714844;-0.809541
0.716797;-0.910036
0.718750;-0.974250
0.720703;-0.999624
0.722656;-0.985146
0.724609;-0.931394
0.726562;-0.840509
0.728516;-0.716117
0.730469;-0.563175
0.732422;-0.387781
0.734375;-0.196927
0.736328;0.001777
0.738281;0.200411
0.740234;0.391055
0.742188;0.566109
0.744141;0.718593
0.746094;0.842430
0.748047;0.932682
0.750000;0.985750
0.751953;0.999520
0.753906;0.973442
0.755859;0.908556
0.757812;0.807449
0.759766;0.674151
0.761719;0.513977
0.763672;0.333313
0.765625;0.139360
0.767578;-0.060149
0.769531;-0.257259
0.771484;-0.444114
0.773438;-0.613263
0.775391;-0.757963
0.777344;-0.872446
0.779297;-0.952147
0.781250;-0.993889
0.783203;-0.996008
0.785156;-0.958419
0.787109;-0.882620
0.789062;-0.771635
0.791016;-0.629887
0.792969;-0.463027
0.794922;-0.277708
0.796875;-0.081318
0.798828;0.118314
0.800781;0.313230
0.802734;0.495658
0.804688;0.658326
0.806641;0.794748
0.808594;0.899486
0.810547;0.968365
0.812500;0.998638
0.814453;0.989098
0.816406;0.940126
0.818359;0.853674
0.820312;0.733189
0.822266;0.583475
0.824219;0.410498
0.826172;0.221157
0.828125;0.022998
0.830078;-0.176077
0.832031;-0.368132
0.833984;-0.545512
0.835938;-0.701143
0.837891;-0.828822
0.839844;-0.923459
0.841797;-0.981280
0.843750;-0.999981
0.845703;-0.978815
0.847656;-0.918628
0.849609;-0.821817
0.851562;-0.692243
0.853516;-0.535072
0.855469;-0.356569
0.857422;-0.163851
0.859375;0.035400
0.861328;0.233239
0.863281;0.421779
0.865234;0.593505
0.867188;0.741570
0.869141;0.860070
0.871094;0.944282
0.873047;0.990849
0.875000;0.997913
0.876953;0.965194
0.878906;0.893996
0.880859;0.787157
0.882812;0.648936
0.884766;0.484845
0.886719;0.301424
0.888672;0.105986
0.890625;-0.093677
0.892578;-0.289605
0.894531;-0.473988
0.896484;-0.639474
0.898438;-0.779467
0.900391;-0.888385
0.902344;-0.961885
0.904297;-0.997038
0.906250;-0.992443
0.908203;-0.948282
0.910156;-0.866316
0.912109;-0.749812
0.914062;-0.603416
0.916016;-0.432964
0.917969;-0.245251
0.919922;-0.047760
0.921875;0.151635
0.923828;0.344984
0.925781;0.524580
0.927734;0.683263
0.929688;0.814706
0.931641;0.913669
0.933594;0.976208
0.935547;0.999828
0.937500;0.983588
0.939453;0.928135
0.941406;0.835681
0.943359;0.709910
0.945312;0.555838
0.947266;0.379606
0.949219;0.188241
0.951172;-0.010629
0.953125;-0.209075
0.955078;-0.399186
0.957031;-0.573383
0.958984;-0.724721
0.960938;-0.847166
0.962891;-0.935838
0.964844;-0.987201
0.966797;-0.999207
0.968750;-0.971378
0.970703;-0.904823
0.972656;-0.802196
0.974609;-0.667587
0.976562;-0.506364
0.978516;-0.324954
0.980469;-0.130589
0.982422;0.068982
0.984375;0.265803
0.986328;0.452027
0.988281;0.620231
0.990234;0.763707
0.992188;0.876738
0.994141;0.954815
0.996094;0.994827
0.998047;0.995178
1.000000;0.955855
1.001953;0.878425
1.003906;0.765975
1.005859;0.622987
1.007812;0.455164
1.009766;0.269194
1.011719;0.072492
1.013672;-0.127099
1.015625;-0.321624
1.017578;-0.503326
1.019531;-0.664963
1.021484;-0.800089
1.023438;-0.903319
1.025391;-0.970536
1.027344;-0.999060
1.029297;-0.987756
1.031250;-0.937073
1.033203;-0.849031
1.035156;-0.727141
1.037109;-0.576263
1.039062;-0.402411
1.041016;-0.212516
1.042969;-0.014148
1.044922;0.184783
1.046875;0.376348
1.048828;0.552909
1.050781;0.707427
1.052734;0.833742
1.054688;0.926819
1.056641;0.982946
1.058594;0.999887
1.060547;0.976965
1.062500;0.915094
1.064453;0.816742
1.066406;0.685828
1.068359;0.527573
1.070312;0.348285
1.072266;0.155112
1.074219;-0.044244
1.076172;-0.241837
1.078125;-0.429789
1.080078;-0.600606
1.082031;-0.747479
1.083984;-0.864552
1.085938;-0.947159
1.087891;-0.992005
1.089844;-0.997303
1.091797;-0.962842
1.093750;-0.889995
1.095703;-0.781667
1.097656;-0.642176
1.099609;-0.477084
1.101562;-0.292972
1.103516;-0.097180
1.105469;0.102486
1.107422;0.298066
1.109375;0.481764
1.111328;0.646255
1.113281;0.784981
1.115234;0.892414
1.117188;0.964268
1.119141;0.997680
1.121094;0.991318
1.123047;0.945435
1.125000;0.861860
1.126953;0.743926
1.128906;0.596334
1.130859;0.424968
1.132812;0.236660
1.134766;0.038917
1.136719;-0.160378
1.138672;-0.353279
1.140625;-0.532095
1.142578;-0.689699
1.144531;-0.819807
1.146484;-0.917231
1.148438;-0.978089
1.150391;-0.999953
1.152344;-0.981952
1.154297;-0.924804
1.156250;-0.830786
1.158203;-0.703648
1.160156;-0.548458
1.162109;-0.371402
1.164062;-0.179540
1.166016;0.019480
1.167969;0.217723
1.169922;0.407286
1.171875;0.580613
1.173828;0.730792
1.175781;0.851836
1.177734;0.938921
1.179688;0.988574
1.181641;0.998815
1.183594;0.969237
1.185547;0.901018
1.187500;0.796879
1.189453;0.660971
1.191406;0.498712
1.193359;0.316570
1.195312;0.121808
1.197266;-0.077810
1.199219;-0.274326
1.201172;-0.459905
1.203125;-0.627150
1.205078;-0.769392
1.207031;-0.880961
1.208984;-0.957408
1.210938;-0.995687
1.212891;-0.994271
1.214844;-0.953217
1.216797;-0.874160
1.218750;-0.760254
1.220703;-0.616039
1.222656;-0.447264
1.224609;-0.260659
1.226562;-0.063661
1.228516;0.135874
1.230469;0.329993
1.232422;0.510955
1.234375;0.671548
1.236328;0.805368
1.238281;0.907080
1.240234;0.972631
1.242188;0.999405
1.244141;0.986336
1.246094;0.933945
1.248047;0.844321
1.250000;0.721036
1.251953;0.569006
1.253906;0.394292
1.255859;0.203858
1.257812;0.005297
1.259766;-0.193475
1.261719;-0.384534
1.263672;-0.560263
1.265625;-0.713656
1.267578;-0.838597
1.269531;-0.930107
1.271484;-0.984536
1.273438;-0.999714
1.275391;-0.975037
1.277344;-0.911489
1.279297;-0.811602
1.281250;-0.679360
1.283203;-0.520033
1.285156;-0.339974
1.287109;-0.146362
1.289062;0.053086
1.291016;0.250417
1.292969;0.437764
1.294922;0.607660
1.296875;0.753330
1.298828;0.868967
1.300781;0.949961
1.302734;0.993083
1.304688;0.996614
1.306641;0.960413
1.308594;0.885924
1.310547;0.776115
1.312500;0.635366
1.314453;0.469286
1.316406;0.284497
1.318359;0.088367
1.320312;-0.111287
1.322266;-0.306504
1.324219;-0.489501
1.326172;-0.652984
1.328125;-0.790434
1.330078;-0.896373
1.332031;-0.966575
1.333984;-0.998244
1.335938;-0.990115
1.337891;-0.942514
1.339844;-0.857337
1.341797;-0.737982
1.343750;-0.589205
1.345703;-0.416939
1.347656;-0.228050
1.349609;-0.030070
1.351562;0.169109
1.353516;0.361546
1.355469;0.539569
1.357422;0.696082
1.359375;0.824843
1.361328;0.920721
1.363281;0.979893
1.365234;1.000000
1.367188;0.980239
1.369141;0.921400
1.371094;0.825827
1.373047;0.697331
1.375000;0.541035
1.376953;0.363169
1.378906;0.170825
1.380859;-0.028329
1.382812;-0.226354
1.384766;-0.415355
1.386719;-0.587797
1.388672;-0.736805
1.390625;-0.856439
1.392578;-0.941930
1.394531;-0.989869
1.396484;-0.998345
1.398438;-0.967020
1.400391;-0.897143
1.402344;-0.791500
1.404297;-0.654302
1.406250;-0.491020
1.408203;-0.308162
1.410156;-0.113018
1.412109;0.086631
1.414062;0.282827
1.416016;0.467747
1.417969;0.634020
1.419922;0.775016
1.421875;0.885115
1.423828;0.959927
1.425781;0.996469
1.427734;0.993286
1.429688;0.950504
1.431641;0.869828
1.433594;0.754474
1.435547;0.609042
1.437500;0.439330
1.439453;0.252103
1.441406;0.054825
1.443359;-0.144638
1.445312;-0.338335
1.447266;-0.518544
1.449219;-0.678080
1.451172;-0.810583
1.453125;-0.910771
1.455078;-0.974649
1.457031;-0.999671
1.458984;-0.984839
1.460938;-0.930745
1.462891;-0.839545
1.464844;-0.714875
1.466797;-0.561705
1.468750;-0.386142
1.470703;-0.195184
1.472656;0.003555
1.474609;0.202152
1.476562;0.392690
1.478516;0.567573
1.480469;0.719828
1.482422;0.843386
1.484375;0.933321
1.486328;0.986048
1.488281;0.999463
1.490234;0.973034
1.492188;0.907812
1.494141;0.806399
1.496094;0.672838
1.498047;0.512452
1.500000;0.331637
1.501953;0.137600
1.503906;-0.061923
1.505859;-0.258976
1.507812;-0.445706
1.509766;-0.614666
1.511719;-0.759121
1.513672;-0.873313
1.515625;-0.952689
1.517578;-0.994083
1.519531;-0.995847
1.521484;-0.957910
1.523438;-0.881784
1.525391;-0.770503
1.527344;-0.628506
1.529297;-0.461451
1.531250;-0.276000
1.533203;-0.079546
1.535156;0.120079
1.537109;0.314917
1.539062;0.497201
1.541016;0.659663
1.542969;0.795826
1.544922;0.900261
1.546875;0.968807
1.548828;0.998729
1.550781;0.988835
1.552734;0.939519
1.554688;0.852747
1.556641;0.731980
1.558594;0.582030
1.560547;0.408877
1.562500;0.219423
1.564453;0.021221
1.566406;-0.177826
1.568359;-0.369785
1.570312;-0.547001
1.572266;-0.702410
1.574219;-0.829816
1.576172;-0.924139
1.578125;-0.981621
1.580078;-0.999968
1.582031;-0.978450
1.583984;-0.917924
1.585938;-0.820803
1.587891;-0.690960
1.589844;-0.533570
1.591797;-0.354908
1.593750;-0.162097
1.595703;0.037176
1.597656;0.234967
1.599609;0.423390
1.601562;0.594935
1.603516;0.742761
1.605469;0.860976
1.607422;0.944866
1.609375;0.991087
1.611328;0.997797
1.613281;0.964728
1.615234;0.893198
1.617188;0.786059
1.619141;0.647583
1.621094;0.483289
1.623047;0.299729
1.625000;0.104219
1.626953;-0.095446
1.628906;-0.291306
1.630859;-0.475552
1.632812;-0.640840
1.634766;-0.780579
1.636719;-0.889199
1.638672;-0.962370
1.640625;-0.997173
1.642578;-0.992223
1.644531;-0.947716
1.646484;-0.865426
1.648438;-0.748635
1.650391;-0.601998
1.652344;-0.431361
1.654297;-0.243527
1.656250;-0.045985
1.658203;0.153391
1.660156;0.346652
1.662109;0.526092
1.664062;0.684560
1.666016;0.815735
1.667969;0.914390
1.669922;0.976591
1.671875;0.999859
1.673828;0.983265
1.675781;0.927472
1.677734;0.834703
1.679688;0.708657
1.681641;0.554360
1.683594;0.377961
1.685547;0.186495
1.687500;-0.012406
1.689453;-0.210813
1.691406;-0.400815
1.693359;-0.574838
1.695312;-0.725944
1.697266;-0.848109
1.699219;-0.936463
1.701172;-0.987483
1.703125;-0.999134
1.705078;-0.970954
1.707031;-0.904065
1.708984;-0.801133
1.710938;-0.666263
1.712891;-0.504831
1.714844;-0.323273
1.716797;-0.128827
1.718750;0.070755
1.720703;0.267516
1.722656;0.453612
1.724609;0.621624
1.726562;0.764854
1.728516;0.877591
1.730469;0.955342
1.732422;0.995006
1.734375;0.995002
1.736328;0.955331
1.738281;0.877574
1.740234;0.764831
1.742188;0.621596
1.744141;0.453580
1.746094;0.267482
1.748047;0.070720
1.750000;-0.128862
1.751953;-0.323306
1.753906;-0.504861
1.755859;-0.666289
1.757812;-0.801154
1.759766;-0.904080
1.761719;-0.970962
1.763672;-0.999136
1.765625;-0.987477
1.767578;-0.936450
1.769531;-0.848091
1.771484;-0.725920
1.773438;-0.574809
1.775391;-0.400783
1.777344;-0.210778
1.779297;-0.012371
1.781250;0.186530
1.783203;0.377994
1.785156;0.554389
1.787109;0.708682
1.789062;0.834723
1.791016;0.927485
1.792969;0.983272
1.794922;0.999858
1.796875;0.976584
1.798828;0.914376
1.800781;0.815715
1.802734;0.684534
1.804688;0.526062
1.806641;0.346619
1.808594;0.153356
1.810547;-0.046020
1.812500;-0.243561
1.814453;-0.431393
1.816406;-0.602026
1.818359;-0.748658
1.820312;-0.865444
1.822266;-0.947727
1.824219;-0.992228
1.826172;-0.997171
1.828125;-0.962360
1.830078;-0.889183
1.832031;-0.780557
1.833984;-0.640813
1.835938;-0.475521
1.837891;-0.291272
1.839844;-0.095411
1.841797;0.104254
1.843750;0.299762
1.845703;0.483320
1.847656;0.647610
1.849609;0.786081
1.851562;0.893214
1.853516;0.964737
1.855469;0.997799
1.857422;0.991082
1.859375;0.944854
1.861328;0.860958
1.863281;0.742737
1.865234;0.594906
1.867188;0.423358
1.869141;0.234932
1.871094;0.037140
1.873047;-0.162132
1.875000;-0.354941
1.876953;-0.533600
1.878906;-0.690985
1.880859;-0.820823
1.882812;-0.917938
1.884766;-0.978457
1.886719;-0.999968
1.888672;-0.981614
1.890625;-0.924126
1.892578;-0.829796
1.894531;-0.702384
1.896484;-0.546971
1.898438;-0.369752
1.900391;-0.177791
1.902344;0.021257
1.904297;0.219458
1.906250;0.408909
1.908203;0.582059
1.910156;0.732004
1.912109;0.852766
1.914062;0.939531
1.916016;0.988840
1.917969;0.998727
1.919922;0.968798
1.921875;0.900246
1.923828;0.795804
1.925781;0.659636
1.927734;0.497170
1.929688;0.314884
1.931641;0.120044
1.933594;-0.079582
1.935547;-0.276034
1.937500;-0.461483
1.939453;-0.628533
1.941406;-0.770526
1.943359;-0.881800
1.945312;-0.957920
1.947266;-0.995851
1.949219;-0.994080
1.951172;-0.952678
1.953125;-0.873296
1.955078;-0.759098
1.957031;-0.614638
1.958984;-0.445674
1.960938;-0.258942
1.962891;-0.061887
1.964844;0.137635
1.966797;0.331670
1.968750;0.512482
1.970703;0.672864
1.972656;0.806420
1.974609;0.907827
1.976562;0.973042
1.978516;0.999465
1.980469;0.986042
1.982422;0.933309
1.984375;0.843367
1.986328;0.719804
1.988281;0.567544
1.990234;0.392658
1.992188;0.202117
1.994141;0.003519
1.996094;-0.195219
1.998047;-0.386174
2.000000;-0.561734
2.001953;-0.714900
2.003906;-0.839564
2.005859;-0.930758
2.007812;-0.984845
2.009766;-0.999670
2.011719;-0.974641
2.013672;-0.910756
2.015625;-0.810563
2.017578;-0.678054
2.019531;-0.518514
2.021484;-0.338302
2.023438;-0.144603
2.025391;0.054860
2.027344;0.252137
2.029297;0.439362
2.031250;0.609070
2.033203;0.754497
2.035156;0.869845
2.037109;0.950515
2.039062;0.993290
2.041016;0.996466
2.042969;0.959917
2.044922;0.885098
2.046875;0.774993
2.048828;0.633992
2.050781;0.467716
2.052734;0.282793
2.054688;0.086596
2.056641;-0.113053
2.058594;-0.308195
2.060547;-0.491051
2.062500;-0.654329
2.064453;-0.791522
2.066406;-0.897159
2.068359;-0.967029
2.070312;-0.998347
2.072266;-0.989864
2.074219;-0.941918
2.076172;-0.856421
2.078125;-0.736781
2.080078;-0.587768
2.082031;-0.415322
2.083984;-0.226319
2.085938;-0.028293
2.087891;0.170860
2.089844;0.363202
2.091797;0.541065
2.093750;0.697357
2.095703;0.825847
2.097656;0.921414
2.099609;0.980246
2.101562;1.000000
2.103516;0.979886
2.105469;0.920708
2.107422;0.824823
2.109375;0.696056
2.111328;0.539539
2.113281;0.361513
2.115234;0.169074
2.117188;-0.030106
2.119141;-0.228085
2.121094;-0.416971
2.123047;-0.589234
2.125000;-0.738006
2.126953;-0.857356
2.128906;-0.942526
2.130859;-0.990120
2.132812;-0.998241
2.134766;-0.966566
2.136719;-0.896357
2.138672;-0.790413
2.140625;-0.652957
2.142578;-0.489471
2.144531;-0.306470
2.146484;-0.111252
2.148438;0.088402
2.150391;0.284531
2.152344;0.469317
2.154297;0.635393
2.156250;0.776138
2.158203;0.885940
2.160156;0.960423
2.162109;0.996617
2.164062;0.993079
2.166016;0.949950
2.167969;0.868949
2.169922;0.753306
2.171875;0.607632
2.173828;0.437732
2.175781;0.250382
2.177734;0.053050
2.179688;-0.146397
2.181641;-0.340008
2.183594;-0.520063
2.185547;-0.679386
2.187500;-0.811623
2.189453;-0.911503
2.191406;-0.975045
2.193359;-0.999715
2.195312;-0.984529
2.197266;-0.930094
2.199219;-0.838578
2.201172;-0.713631
2.203125;-0.560234
2.205078;-0.384501
2.207031;-0.193441
2.208984;0.005332
2.210938;0.203892
2.212891;0.394324
2.214844;0.569035
2.216797;0.721061
2.218750;0.844340
2.220703;0.933958
2.222656;0.986342
2.224609;0.999404
2.226562;0.972622
2.228516;0.907065
2.230469;0.805347
2.232422;0.671522
2.234375;0.510925
2.236328;0.329959
2.238281;0.135839
2.240234;-0.063697
2.242188;-0.260693
2.244141;-0.447296
2.246094;-0.616067
2.248047;-0.760277
2.250000;-0.874178
2.251953;-0.953227
2.253906;-0.994275
2.255859;-0.995684
2.257812;-0.957398
2.259766;-0.880944
2.261719;-0.769369
2.263672;-0.627122
2.265625;-0.459874
2.267578;-0.274292
2.269531;-0.077774
2.271484;0.121844
2.273438;0.316604
2.275391;0.498742
2.277344;0.660997
2.279297;0.796901
2.281250;0.901034
2.283203;0.969246
2.285156;0.998817
2.287109;0.988568
2.289062;0.938909
2.291016;0.851818
2.292969;0.730767
2.294922;0.580584
2.296875;0.407254
2.298828;0.217688
2.300781;0.019444
2.302734;-0.179575
2.304688;-0.371435
2.306641;-0.548488
2.308594;-0.703674
2.310547;-0.830806
2.312500;-0.924817
2.314453;-0.981959
2.316406;-0.999952
2.318359;-0.978081
2.320312;-0.917217
2.322266;-0.819786
2.324219;-0.689674
2.326172;-0.532065
2.328125;-0.353246
2.330078;-0.160343
2.332031;0.038952
2.333984;0.236694
2.335938;0.425000
2.337891;0.596362
2.339844;0.743950
2.341797;0.861878
2.343750;0.945446
2.345703;0.991322
2.347656;0.997678
2.349609;0.964259
2.351562;0.892398
2.353516;0.784959
2.355469;0.646228
2.357422;0.481733
2.359375;0.298032
2.361328;0.102451
2.363281;-0.097215
2.365234;-0.293006
2.367188;-0.477115
2.369141;-0.642203
2.371094;-0.781689
2.373047;-0.890011
2.375000;-0.962851
2.376953;-0.997305
2.378906;-0.992000
2.380859;-0.947147
2.382812;-0.864534
2.384766;-0.747455
2.386719;-0.600578
2.388672;-0.429757
2.390625;-0.241803
2.392578;-0.044209
2.394531;0.155147
2.396484;0.348319
2.398438;0.527603
2.400391;0.685854
2.402344;0.816762
2.404297;0.915108
2.406250;0.976972
2.408203;0.999887
2.410156;0.982940
2.412109;0.926806
2.414062;0.833723
2.416016;0.707402
2.417969;0.552879
2.419922;0.376315
2.421875;0.184748
2.423828;-0.014184
2.425781;-0.212550
2.427734;-0.402443
2.429688;-0.576292
2.431641;-0.727166
2.433594;-0.849050
2.435547;-0.937085
2.437500;-0.987761
2.439453;-0.999059
2.441406;-0.970527
2.443359;-0.903304
2.445312;-0.800068
2.447266;-0.664936
2.449219;-0.503296
2.451172;-0.321590
2.453125;-0.127064
2.455078;0.072528
2.457031;0.269228
2.458984;0.455195
2.460938;0.623015
2.462891;0.765997
2.464844;0.878442
2.466797;0.955865
2.468750;0.995182
2.470703;0.994823
2.472656;0.954804
2.474609;0.876720
2.476562;0.763684
2.478516;0.620203
2.480469;0.451996
2.482422;0.265769
2.484375;0.068946
2.486328;-0.130625
2.488281;-0.324988
2.490234;-0.506395
2.492188;-0.667614
2.494141;-0.802217
2.496094;-0.904838
2.498047;-0.971386
2.500000;-0.999208
2.501953;-0.987195
2.503906;-0.935825
2.505859;-0.847148
2.507812;-0.724696
2.509766;-0.573354
2.511719;-0.399154
2.513672;-0.209041
2.515625;-0.010594
2.517578;0.188276
2.519531;0.379639
2.521484;0.555868
2.523438;0.709935
2.525391;0.835700
2.527344;0.928148
2.529297;0.983594
2.531250;0.999827
2.533203;0.976200
2.535156;0.913655
2.537109;0.814685
2.539062;0.683237
2.541016;0.524550
2.542969;0.344951
2.544922;0.151600
2.546875;-0.047795
2.548828;-0.245285
2.550781;-0.432996
2.552734;-0.603444
2.554688;-0.749836
2.556641;-0.866333
2.558594;-0.948293
2.560547;-0.992447
2.562500;-0.997036
2.564453;-0.961875
2.566406;-0.888368
2.568359;-0.779445
2.570312;-0.639447
2.572266;-0.473957
2.574219;-0.289571
2.576172;-0.093642
2.578125;0.106021
2.580078;0.301458
2.582031;0.484876
2.583984;0.648963
2.585938;0.787179
2.587891;0.894012
2.589844;0.965204
2.591797;0.997916
2.593750;0.990844
2.595703;0.944271
2.597656;0.860052
2.599609;0.741546
2.601562;0.593477
2.603516;0.421747
2.605469;0.233204
2.607422;0.035364
2.609375;-0.163886
2.611328;-0.356602
2.613281;-0.535102
2.615234;-0.692269
2.617188;-0.821837
2.619141;-0.918642
2.621094;-0.978823
2.623047;-0.999981
2.625000;-0.981273
2.626953;-0.923445
2.628906;-0.828803
2.630859;-0.701118
2.632812;-0.545482
2.634766;-0.368100
2.636719;-0.176042
2.638672;0.023034
2.640625;0.221191
2.642578;0.410531
2.644531;0.583503
2.646484;0.733214
2.648438;0.853693
2.650391;0.940138
2.652344;0.989103
2.654297;0.998636
2.656250;0.968356
2.658203;0.899471
2.660156;0.794726
2.662109;0.658299
2.664062;0.495627
2.666016;0.313196
2.667969;0.118279
2.669922;-0.081353
2.671875;-0.277742
2.673828;-0.463059
2.675781;-0.629915
2.677734;-0.771658
2.679688;-0.882637
2.681641;-0.958429
2.683594;-0.996011
2.685547;-0.993885
2.687500;-0.952136
2.689453;-0.872429
2.691406;-0.757940
2.693359;-0.613235
2.695312;-0.444082
2.697266;-0.257225
2.699219;-0.060113
2.701172;0.139395
2.703125;0.333346
2.705078;0.514008
2.707031;0.674178
2.708984;0.807470
2.710938;0.908571
2.712891;0.973450
2.714844;0.999521
2.716797;0.985744
2.718750;0.932669
2.720703;0.842411
2.722656;0.718569
2.724609;0.566079
2.726562;0.391022
2.728516;0.200376
2.730469;0.001742
2.732422;-0.196962
2.734375;-0.387813
2.736328;-0.563204
2.738281;-0.716141
2.740234;-0.840528
2.742188;-0.931406
2.744141;-0.985152
2.746094;-0.999623
2.748047;-0.974242
2.750000;-0.910021
2.751953;-0.809520
2.753906;-0.676747
2.755859;-0.516993
2.757812;-0.336629
2.759766;-0.142844
2.761719;0.056635
2.763672;0.253857
2.765625;0.440958
2.767578;0.610479
2.769531;0.755663
2.771484;0.870720
2.773438;0.951065
2.775391;0.993494
2.777344;0.996316
2.779297;0.959417
2.781250;0.884269
2.783203;0.773869
2.785156;0.632617
2.787109;0.466144
2.789062;0.281088
2.791016;0.084825
2.792969;-0.114819
2.794922;-0.309886
2.796875;-0.492598
2.798828;-0.655672
2.800781;-0.792607
2.802734;-0.897943
2.804688;-0.967481
2.806641;-0.998448
2.808594;-0.989610
2.810547;-0.941320
2.812500;-0.855502
2.814453;-0.735578
2.816406;-0.586329
2.818359;-0.413705
2.820312;-0.224588
2.822266;-0.026517
2.824219;0.172611
2.826172;0.364858
2.828125;0.542559
2.830078;0.698629
2.832031;0.826848
2.833984;0.922103
2.835938;0.980596
2.837891;0.999996
2.839844;0.979530
2.841797;0.920013
2.843750;0.823817
2.845703;0.694779
2.847656;0.538042
2.849609;0.359855
2.851562;0.167322
2.853516;-0.031882
2.855469;-0.229815
2.857422;-0.418586
2.859375;-0.590669
2.861328;-0.739204
2.863281;-0.858269
2.865234;-0.943118
2.867188;-0.990368
2.869141;-0.998134
2.871094;-0.966109
2.873047;-0.895567
2.875000;-0.789323
2.876953;-0.651610
2.878906;-0.487920
2.880859;-0.304778
2.882812;-0.109485
2.884766;0.090172
2.886719;0.286235
2.888672;0.470886
2.890625;0.636765
2.892578;0.777257
2.894531;0.886763
2.896484;0.960917
2.898438;0.996762
2.900391;0.992869
2.902344;0.949393
2.904297;0.868068
2.906250;0.752136
2.908203;0.606219
2.910156;0.436134
2.912109;0.248661
2.914062;0.051275
2.916016;-0.148155
2.917969;-0.341679
2.919922;-0.521581
2.921875;-0.680689
2.923828;-0.812660
2.925781;-0.912233
2.927734;-0.975438
2.929688;-0.999756
2.931641;-0.984216
2.933594;-0.929439
2.935547;-0.837608
2.937500;-0.712385
2.939453;-0.558760
2.941406;-0.382860
2.943359;-0.191696
2.945312;0.007110
2.947266;0.205632
2.949219;0.395957
2.951172;0.570496
2.953125;0.722291
2.955078;0.845291
2.957031;0.934592
2.958984;0.986633
2.960938;0.999341
2.962891;0.972208
2.964844;0.906316
2.966797;0.804292
2.968750;0.670203
2.970703;0.509396
2.972656;0.328281
2.974609;0.134078
2.976562;-0.065470
2.978516;-0.262408
2.980469;-0.448885
2.982422;-0.617466
2.984375;-0.761431
2.986328;-0.875039
2.988281;-0.953763
2.990234;-0.994463
2.992188;-0.995517
2.994141;-0.956883
2.996094;-0.880101
2.998047;-0.768232
3.000000;-0.625737
3.001953;-0.458295
3.003906;-0.272582
3.005859;-0.076002
3.007812;0.123608
3.009766;0.318289
3.011719;0.500282
3.013672;0.662330
3.015625;0.797973
3.017578;0.901803
3.019531;0.969682
3.021484;0.998902
3.023438;0.988299
3.025391;0.938295
3.027344;0.850885
3.029297;0.729553
3.031250;0.579136
3.033203;0.405630
3.035156;0.215953
3.037109;0.017667
3.039062;-0.181323
3.041016;-0.373085
3.042969;-0.549973
3.044922;-0.704935
3.046875;-0.831794
3.048828;-0.925492
3.050781;-0.982293
3.052734;-0.999933
3.054688;-0.977710
3.056641;-0.916508
3.058594;-0.818767
3.060547;-0.688385
3.062500;-0.530560
3.064453;-0.351582
3.066406;-0.158588
3.068359;0.040728
3.070312;0.238421
3.072266;0.426608
3.074219;0.597788
3.076172;0.745136
3.078125;0.862778
3.080078;0.946024
3.082031;0.991554
3.083984;0.997555
3.085938;0.963786
3.087891;0.891594
3.089844;0.783857
3.091797;0.644870
3.093750;0.480174
3.095703;0.296335
3.097656;0.100682
3.099609;-0.098984
3.101562;-0.294705
3.103516;-0.478677
3.105469;-0.643565
3.107422;-0.782796
3.109375;-0.890820
3.111328;-0.963330
3.113281;-0.997434
3.115234;-0.991774
3.117188;-0.946576
3.119141;-0.863640
3.121094;-0.746273
3.123047;-0.599155
3.125000;-0.428151
3.126953;-0.240078
3.128906;-0.042433
3.130859;0.156903
3.132812;0.349984
3.134766;0.529112
3.136719;0.687147
3.138672;0.817786
3.140625;0.915824
3.142578;0.977350
3.144531;0.999912
3.146484;0.982611
3.148438;0.926137
3.150391;0.832740
3.152344;0.706145
3.154297;0.551398
3.156250;0.374668
3.158203;0.183001
3.160156;-0.015961
3.162109;-0.214287
3.164062;-0.404070
3.166016;-0.577744
3.167969;-0.728385
3.169922;-0.849987
3.171875;-0.937704
3.173828;-0.988037
3.175781;-0.998980
3.177734;-0.970097
3.179688;-0.902540
3.181641;-0.799000
3.183594;-0.663608
3.185547;-0.501759
3.187500;-0.319907
3.189453;-0.125301
3.191406;0.074300
3.193359;0.270939
3.195312;0.456777
3.197266;0.624404
3.199219;0.767139
3.201172;0.879290
3.203125;0.956386
3.205078;0.995354
3.207031;0.994641
3.208984;0.954275
3.210938;0.875864
3.212891;0.762536
3.214844;0.618807
3.216797;0.450409
3.218750;0.264055
3.220703;0.067173
3.222656;-0.132387
3.224609;-0.326668
3.226562;-0.507927
3.228516;-0.668936
3.230469;-0.803277
3.232422;-0.905593
3.234375;-0.971807
3.236328;-0.999277
3.238281;-0.986910
3.240234;-0.935197
3.242188;-0.846202
3.244141;-0.723471
3.246094;-0.571897
3.248047;-0.397523
3.250000;-0.207302
3.251953;-0.008816
3.253906;0.190021
3.255859;0.381283
3.257812;0.557344
3.259766;0.711186
3.261719;0.836675
3.263672;0.928808
3.265625;0.983913
3.267578;0.999792
3.269531;0.975813
3.271484;0.912931
3.273438;0.813653
3.275391;0.681938
3.277344;0.523036
3.279297;0.343282
3.281250;0.149842
3.283203;-0.049571
3.285156;-0.247008
3.287109;-0.434597
3.289062;-0.604861
3.291016;-0.751010
3.292969;-0.867220
3.294922;-0.948856
3.296875;-0.992664
3.298828;-0.996897
3.300781;-0.961388
3.302734;-0.887551
3.304688;-0.778330
3.306641;-0.638080
3.308594;-0.472391
3.310547;-0.287870
3.312500;-0.091872
3.314453;0.107789
3.316406;0.303152
3.318359;0.486429
3.320312;0.650315
3.322266;0.788274
3.324219;0.894807
3.326172;0.965667
3.328125;0.998029
3.330078;0.990603
3.332031;0.943684
3.333984;0.859144
3.335938;0.740352
3.337891;0.592045
3.339844;0.420135
3.341797;0.231476
3.343750;0.033588
3.345703;-0.165639
3.347656;-0.358262
3.349609;-0.536603
3.351562;-0.693550
3.353516;-0.822849
3.355469;-0.919342
3.357422;-0.979185
3.359375;-0.999990
3.361328;-0.980929
3.363281;-0.922762
3.365234;-0.827807
3.367188;-0.699849
3.369141;-0.543992
3.371094;-0.366446
3.373047;-0.174292
3.375000;0.024811
3.376953;0.222924
3.378906;0.412151
3.380859;0.584946
3.382812;0.734421
3.384766;0.854617
3.386719;0.940743
3.388672;0.989363
3.390625;0.998541
3.392578;0.967911
3.394531;0.898693
3.396484;0.793646
3.398438;0.656960
3.400391;0.494083
3.402344;0.311508
3.404297;0.116514
3.406250;-0.083125
3.408203;-0.279449
3.410156;-0.464633
3.412109;-0.631294
3.414062;-0.772787
3.416016;-0.883471
3.417969;-0.958934
3.419922;-0.996168
3.421875;-0.993687
3.423828;-0.951591
3.425781;-0.871558
3.427734;-0.756779
3.429688;-0.611830
3.431641;-0.442489
3.433594;-0.255507
3.435547;-0.058339
3.437500;0.141155
3.439453;0.335021
3.441406;0.515532
3.443359;0.675489
3.445312;0.808517
3.447266;0.909312
3.449219;0.973856
3.451172;0.999575
3.453125;0.985444
3.455078;0.932026
3.457031;0.841452
3.458984;0.717331
3.460938;0.564613
3.462891;0.389386
3.464844;0.198635
3.466797;-0.000035
3.468750;-0.198704
3.470703;-0.389451
3.472656;-0.564672
3.474609;-0.717381
3.476562;-0.841490
3.478516;-0.932052
3.480469;-0.985456
3.482422;-0.999573
3.484375;-0.973840
3.486328;-0.909283
3.488281;-0.808476
3.490234;-0.675437
3.492188;-0.515471
3.494141;-0.334955
3.496094;-0.141085
3.498047;0.058410
3.500000;0.255575
3.501953;0.442552
3.503906;0.611886
3.505859;0.756826
3.507812;0.871593
3.509766;0.951613
3.511719;0.993695
3.513672;0.996162
3.515625;0.958914
3.517578;0.883438
3.519531;0.772742
3.521484;0.631239
3.523438;0.464571
3.525391;0.279381
3.527344;0.083054
3.529297;-0.116584
3.531250;-0.311575
3.533203;-0.494144
3.535156;-0.657013
3.537109;-0.793689
3.539062;-0.898724
3.541016;-0.967929
3.542969;-0.998545
3.544922;-0.989353
3.546875;-0.940718
3.548828;-0.854580
3.550781;-0.734373
3.552734;-0.584888
3.554688;-0.412086
3.556641;-0.222855
3.558594;-0.024740
3.560547;0.174362
3.562500;0.366512
3.564453;0.544051
3.566406;0.699900
3.568359;0.827846
3.570312;0.922789
3.572266;0.980943
3.574219;0.999990
3.576172;0.979171
3.578125;0.919315
3.580078;0.822808
3.582031;0.693499
3.583984;0.536543
3.585938;0.358196
3.587891;0.165569
3.589844;-0.033659
3.591797;-0.231544
3.593750;-0.420199
3.595703;-0.592102
3.597656;-0.740400
3.599609;-0.859180
3.601562;-0.943707
3.603516;-0.990612
3.605469;-0.998024
3.607422;-0.965649
3.609375;-0.894775
3.611328;-0.788230
3.613281;-0.650261
3.615234;-0.486368
3.617188;-0.303084
3.619141;-0.107718
3.621094;0.091942
3.623047;0.287937
3.625000;0.472453
3.626953;0.638134
3.628906;0.778374
3.630859;0.887583
3.632812;0.961407
3.634766;0.996903
3.636719;0.992655
3.638672;0.948833
3.640625;0.867184
3.642578;0.750964
3.644531;0.604804
3.646484;0.434533
3.648438;0.246939
3.650391;0.049500
3.652344;-0.149913
3.654297;-0.343348
3.656250;-0.523096
3.658203;-0.681990
3.660156;-0.813695
3.662109;-0.912960
3.664062;-0.975828
3.666016;-0.999794
3.667969;-0.983900
3.669922;-0.928782
3.671875;-0.836636
3.673828;-0.711136
3.675781;-0.557285
3.677734;-0.381217
3.679688;-0.189952
3.681641;0.008887
3.683594;0.207371
3.685547;0.397588
3.687500;0.571955
3.689453;0.723519
3.691406;0.846239
3.693359;0.935223
3.695312;0.986921
3.697266;0.999275
3.699219;0.971790
3.701172;0.905563
3.703125;0.803234
3.705078;0.668883
3.707031;0.507866
3.708984;0.326601
3.710938;0.132316
3.712891;-0.067244
3.714844;-0.264123
3.716797;-0.450473
3.718750;-0.618863
3.720703;-0.762582
3.722656;-0.875898
3.724609;-0.954296
3.726562;-0.994648
3.728516;-0.995348
3.730469;-0.956365
3.732422;-0.879256
3.734375;-0.767093
3.736328;-0.624349
3.738281;-0.456714
3.740234;-0.270871
3.742188;-0.074230
3.744141;0.125371
3.746094;0.319974
3.748047;0.501820
3.750000;0.663661
3.751953;0.799043
3.753906;0.902570
3.755859;0.970114
3.757812;0.998983
3.759766;0.988026
3.761719;0.937679
3.763672;0.849950
3.765625;0.728336
3.767578;0.577686
3.769531;0.404005
3.771484;0.214217
3.773438;0.015890
3.775391;-0.183071
3.777344;-0.374734
3.779297;-0.551457
3.781250;-0.706195
3.783203;-0.832779
3.785156;-0.926164
3.787109;-0.982625
3.789062;-0.999911
3.791016;-0.977335
3.792969;-0.915795
3.794922;-0.817746
3.796875;-0.687095
3.798828;-0.529052
3.800781;-0.349918
3.802734;-0.156833
3.804688;0.042504
3.806641;0.240147
3.808594;0.428215
3.810547;0.599212
3.812500;0.746321
3.814453;0.863676
3.816406;0.946598
3.818359;0.991783
3.820312;0.997429
3.822266;0.963311
3.824219;0.890788
3.826172;0.782752
3.828125;0.643511
3.830078;0.478614
3.832031;0.294637
3.833984;0.098914
3.835938;-0.100753
3.837891;-0.296403
3.839844;-0.480236
3.841797;-0.644924
3.843750;-0.783901
3.845703;-0.891626
3.847656;-0.963805
3.849609;-0.997560
3.851562;-0.991545
3.853516;-0.946001
3.855469;-0.862742
3.857422;-0.745089
3.859375;-0.597731
3.861328;-0.426544
3.863281;-0.238352
3.865234;-0.040657
3.867188;0.158658
3.869141;0.351649
3.871094;0.530620
3.873047;0.688437
3.875000;0.818808
3.876953;0.916536
3.878906;0.977724
3.880859;0.999934
3.882812;0.982280
3.884766;0.925465
3.886719;0.831755
3.888672;0.704885
3.890625;0.549914
3.892578;0.373019
3.894531;0.181254
3.896484;-0.017738
3.898438;-0.216023
3.900391;-0.405695
3.902344;-0.579193
3.904297;-0.729601
3.906250;-0.850922
3.908203;-0.938320
3.910156;-0.988310
3.912109;-0.998898
3.914062;-0.969664
3.916016;-0.901773
3.917969;-0.797930
3.919922;-0.662277
3.921875;-0.500221
3.923828;-0.318222
3.925781;-0.123537
3.927734;0.076073
3.929688;0.272650
3.931641;0.458358
3.933594;0.625792
3.935547;0.768278
3.937500;0.880135
3.939453;0.956904
3.941406;0.995524
3.943359;0.994456
3.945312;0.953742
3.947266;0.875005
3.949219;0.761385
3.951172;0.617410
3.953125;0.448822
3.955078;0.262340
3.957031;0.065400
3.958984;-0.134148
3.960938;-0.328348
3.962891;-0.509457
3.964844;-0.670256
3.966797;-0.804334
3.968750;-0.906346
3.970703;-0.972224
3.972656;-0.999343
3.974609;-0.986622
3.976562;-0.934567
3.978516;-0.845253
3.980469;-0.722242
3.982422;-0.570438
3.984375;-0.395892
3.986328;-0.205563
3.988281;-0.007039
3.990234;0.191766
3.992188;0.382926
3.994141;0.558819
3.996094;0.712434
3.998047;0.837647
4.000000;0.929465
4.001953;0.984229
4.003906;0.999754
4.005859;0.975423
4.007812;0.912204
4.009766;0.812619
4.011719;0.680637
4.013672;0.521520
4.015625;0.341612
4.017578;0.148085
4.019531;-0.051346
4.021484;-0.248730
4.023438;-0.436197
4.025391;-0.606275
4.027344;-0.752183
4.029297;-0.868103
4.031250;-0.949415
4.033203;-0.992877
4.035156;-0.996756
4.037109;-0.960897
4.039062;-0.886731
4.041016;-0.777213
4.042969;-0.636710
4.044922;-0.470824
4.046875;-0.286167
4.048828;-0.090102
4.050781;0.109556
4.052734;0.304845
4.054688;0.487982
4.056641;0.651664
4.058594;0.789366
4.060547;0.895599
4.062500;0.966127
4.064453;0.998139
4.066406;0.990358
4.068359;0.943094
4.070312;0.858233
4.072266;0.739156
4.074219;0.590612
4.076172;0.418521
4.078125;0.229746
4.080078;0.031811
4.082031;-0.167392
4.083984;-0.359921
4.085938;-0.538102
4.087891;-0.694830
4.089844;-0.823857
4.091797;-0.920040
4.093750;-0.979544
4.095703;-0.999997
4.097656;-0.980582
4.099609;-0.922075
4.101562;-0.826808
4.103516;-0.698579
4.105469;-0.542499
4.107422;-0.364792
4.109375;-0.172542
4.111328;0.026588
4.113281;0.224657
4.115234;0.413769
4.117188;0.586387
4.119141;0.735626
4.121094;0.855539
4.123047;0.941344
4.125000;0.989620
4.126953;0.998444
4.128906;0.967463
4.130859;0.897912
4.132812;0.792564
4.134766;0.655619
4.136719;0.492537
4.138672;0.309818
4.140625;0.114749
4.142578;-0.084896
4.144531;-0.281156
4.146484;-0.466207
4.148438;-0.632672
4.150391;-0.773914
4.152344;-0.884303
4.154297;-0.959437
4.156250;-0.996322
4.158203;-0.993486
4.160156;-0.951043
4.162109;-0.870686
4.164062;-0.755616
4.166016;-0.610423
4.167969;-0.440894
4.169922;-0.253788
4.171875;-0.056564
4.173828;0.142914
4.175781;0.336696
4.177734;0.517054
4.179688;0.676799
4.181641;0.809562
4.183594;0.910050
4.185547;0.974258
4.187500;0.999625
4.189453;0.985140
4.191406;0.931381
4.193359;0.840490
4.195312;0.716092
4.197266;0.563145
4.199219;0.387748
4.201172;0.196892
4.203125;-0.001813
4.205078;-0.200446
4.207031;-0.391087
4.208984;-0.566138
4.210938;-0.718618
4.212891;-0.842449
4.214844;-0.932694
4.216797;-0.985756
4.218750;-0.999519
4.220703;-0.973434
4.222656;-0.908542
4.224609;-0.807428
4.226562;-0.674125
4.228516;-0.513947
4.230469;-0.333279
4.232422;-0.139325
4.234375;0.060184
4.236328;0.257293
4.238281;0.444145
4.240234;0.613291
4.242188;0.757986
4.244141;0.872463
4.246094;0.952158
4.248047;0.993893
4.250000;0.996004
4.251953;0.958408
4.253906;0.882604
4.255859;0.771613
4.257812;0.629860
4.259766;0.462996
4.261719;0.277674
4.263672;0.081283
4.265625;-0.118350
4.267578;-0.313264
4.269531;-0.495689
4.271484;-0.658352
4.273438;-0.794769
4.275391;-0.899502
4.277344;-0.968374
4.279297;-0.998640
4.281250;-0.989093
4.283203;-0.940114
4.285156;-0.853656
4.287109;-0.733165
4.289062;-0.583446
4.291016;-0.410466
4.292969;-0.221122
4.294922;-0.022963
4.296875;0.176112
4.298828;0.368165
4.300781;0.545541
4.302734;0.701169
4.304688;0.828842
4.306641;0.923473
4.308594;0.981287
4.310547;0.999981
4.312500;0.978808
4.314453;0.918614
4.316406;0.821797
4.318359;0.692218
4.320312;0.535042
4.322266;0.356536
4.324219;0.163816
4.326172;-0.035435
4.328125;-0.233273
4.330078;-0.421812
4.332031;-0.593534
4.333984;-0.741593
4.335938;-0.860088
4.337891;-0.944294
4.339844;-0.990854
4.341797;-0.997911
4.343750;-0.965185
4.345703;-0.893980
4.347656;-0.787135
4.349609;-0.648909
4.351562;-0.484814
4.353516;-0.301390
4.355469;-0.105951
4.357422;0.093712
4.359375;0.289639
4.361328;0.474019
4.363281;0.639502
4.365234;0.779489
4.367188;0.888401
4.369141;0.961895
4.371094;0.997041
4.373047;0.992438
4.375000;0.948270
4.376953;0.866298
4.378906;0.749789
4.380859;0.603388
4.382812;0.432932
4.384766;0.245216
4.386719;0.047725
4.388672;-0.151670
4.390625;-0.345017
4.392578;-0.524610
4.394531;-0.683289
4.396484;-0.814726
4.398438;-0.913684
4.400391;-0.976215
4.402344;-0.999828
4.404297;-0.983581
4.406250;-0.928122
4.408203;-0.835661
4.410156;-0.709885
4.412109;-0.555809
4.414062;-0.379574
4.416016;-0.188206
4.417969;0.010664
4.419922;0.209110
4.421875;0.399219
4.423828;0.573412
4.425781;0.724745
4.427734;0.847185
4.429688;0.935850
4.431641;0.987206
4.433594;0.999205
4.435547;0.971369
4.437500;0.904808
4.439453;0.802174
4.441406;0.667561
4.443359;0.506334
4.445312;0.324921
4.447266;0.130554
4.449219;-0.069017
4.451172;-0.265837
4.453125;-0.452059
4.455078;-0.620258
4.457031;-0.763730
4.458984;-0.876755
4.460938;-0.954826
4.462891;-0.994831
4.464844;-0.995175
4.466797;-0.955845
4.468750;-0.878408
4.470703;-0.765952
4.472656;-0.622960
4.474609;-0.455132
4.476562;-0.269160
4.478516;-0.072457
4.480469;0.127134
4.482422;0.321657
4.484375;0.503357
4.486328;0.664989
4.488281;0.800111
4.490234;0.903334
4.492188;0.970544
4.494141;0.999062
4.496094;0.987750
4.498047;0.937060
4.500000;0.849012
4.501953;0.727117
4.503906;0.576234
4.505859;0.402378
4.507812;0.212481
4.509766;0.014113
4.511719;-0.184818
4.513672;-0.376381
4.515625;-0.552939
4.517578;-0.707452
4.519531;-0.833762
4.521484;-0.926832
4.523438;-0.982953
4.525391;-0.999886
4.527344;-0.976957
4.529297;-0.915080
4.531250;-0.816721
4.533203;-0.685803
4.535156;-0.527543
4.537109;-0.348252
4.539062;-0.155077
4.541016;0.044280
4.542969;0.241872
4.544922;0.429821
4.546875;0.600634
4.548828;0.747502
4.550781;0.864570
4.552734;0.947170
4.554688;0.992009
4.556641;0.997300
4.558594;0.962832
4.560547;0.889979
4.562500;0.781645
4.564453;0.642149
4.566406;0.477053
4.568359;0.292938
4.570312;0.097145
4.572266;-0.102521
4.574219;-0.298100
4.576172;-0.481795
4.578125;-0.646282
4.580078;-0.785003
4.582031;-0.892430
4.583984;-0.964277
4.585938;-0.997682
4.587891;-0.991313
4.589844;-0.945423
4.591797;-0.861842
4.593750;-0.743902
4.595703;-0.596306
4.597656;-0.424936
4.599609;-0.236625
4.601562;-0.038881
4.603516;0.160413
4.605469;0.353312
4.607422;0.532125
4.609375;0.689725
4.611328;0.819827
4.613281;0.917245
4.615234;0.978096
4.617188;0.999953
4.619141;0.981945
4.621094;0.924790
4.623047;0.830767
4.625000;0.703623
4.626953;0.548428
4.628906;0.371370
4.630859;0.179505
4.632812;-0.019515
4.634766;-0.217758
4.636719;-0.407319
4.638672;-0.580642
4.640625;-0.730816
4.642578;-0.851855
4.644531;-0.938933
4.646484;-0.988579
4.648438;-0.998813
4.650391;-0.969228
4.652344;-0.901003
4.654297;-0.796858
4.656250;-0.660944
4.658203;-0.498681
4.660156;-0.316537
4.662109;-0.121773
4.664062;0.077845
4.666016;0.274360
4.667969;0.459937
4.669922;0.627177
4.671875;0.769414
4.673828;0.880977
4.675781;0.957419
4.677734;0.995690
4.679688;0.994267
4.681641;0.953206
4.683594;0.874143
4.685547;0.760231
4.687500;0.616011
4.689453;0.447233
4.691406;0.260624
4.693359;0.063626
4.695312;-0.135909
4.697266;-0.330026
4.699219;-0.510986
4.701172;-0.671574
4.703125;-0.805389
4.705078;-0.907095
4.707031;-0.972639
4.708984;-0.999406
4.710938;-0.986330
4.712891;-0.933933
4.714844;-0.844302
4.716797;-0.721012
4.718750;-0.568977
4.720703;-0.394259
4.722656;-0.203823
4.724609;-0.005261
4.726562;0.193510
4.728516;0.384567
4.730469;0.560292
4.732422;0.713681
4.734375;0.838617
4.736328;0.930120
4.738281;0.984542
4.740234;0.999713
4.742188;0.975030
4.744141;0.911474
4.746094;0.811582
4.748047;0.679334
4.750000;0.520003
4.751953;0.339941
4.753906;0.146327
4.755859;-0.053121
4.757812;-0.250451
4.759766;-0.437796
4.761719;-0.607688
4.763672;-0.753353
4.765625;-0.868984
4.767578;-0.949972
4.769531;-0.993087
4.771484;-0.996611
4.773438;-0.960403
4.775391;-0.885907
4.777344;-0.776093
4.779297;-0.635338
4.781250;-0.469255
4.783203;-0.284463
4.785156;-0.088331
4.787109;0.111322
4.789062;0.306538
4.791016;0.489532
4.792969;0.653011
4.794922;0.790456
4.796875;0.896388
4.798828;0.966584
4.800781;0.998246
4.802734;0.990110
4.804688;0.942502
4.806641;0.857319
4.808594;0.737958
4.810547;0.589176
4.812500;0.416907
4.814453;0.228016
4.816406;0.030035
4.818359;-0.169144
4.820312;-0.361579
4.822266;-0.539599
4.824219;-0.696107
4.826172;-0.824864
4.828125;-0.920735
4.830078;-0.979900
4.832031;-1.000000
4.833984;-0.980232
4.835938;-0.921386
4.837891;-0.825807
4.839844;-0.697306
4.841797;-0.541005
4.843750;-0.363136
4.845703;-0.170790
4.847656;0.028364
4.849609;0.226388
4.851562;0.415387
4.853516;0.587825
4.855469;0.736829
4.857422;0.856458
4.859375;0.941942
4.861328;0.989874
4.863281;0.998343
4.865234;0.967011
4.867188;0.897128
4.869141;0.791479
4.871094;0.654276
4.873047;0.490989
4.875000;0.308128
4.876953;0.112983
4.878906;-0.086667
4.880859;-0.282861
4.882812;-0.467778
4.884766;-0.634047
4.886719;-0.775038
4.888672;-0.885131
4.890625;-0.959936
4.892578;-0.996472
4.894531;-0.993282
4.896484;-0.950493
4.898438;-0.869810
4.900391;-0.754451
4.902344;-0.609014
4.904297;-0.439298
4.906250;-0.252068
4.908203;-0.054790
4.910156;0.144673
4.912109;0.338369
4.914062;0.518574
4.916016;0.678106
4.917969;0.810604
4.919922;0.910786
4.921875;0.974657
4.923828;0.999672
4.925781;0.984833
4.927734;0.930732
4.929688;0.839526
4.931641;0.714850
4.933594;0.561676
4.935547;0.386109
4.937500;0.195149
4.939453;-0.003590
4.941406;-0.202187
4.943359;-0.392723
4.945312;-0.567602
4.947266;-0.719853
4.949219;-0.843405
4.951172;-0.933334
4.953125;-0.986054
4.955078;-0.999462
4.957031;-0.973026
4.958984;-0.907797
4.960938;-0.806378
4.962891;-0.672811
4.964844;-0.512422
4.966797;-0.331603
4.968750;-0.137565
4.970703;0.061958
4.972656;0.259011
4.974609;0.445737
4.976562;0.614694
4.978516;0.759144
4.980469;0.873330
4.982422;0.952699
4.984375;0.994087
4.986328;0.995844
4.988281;0.957900
4.990234;0.881767
4.992188;0.770481
4.994141;0.628478
4.996094;0.461420
4.998047;0.275966
5.000000;0.079511
5.001953;-0.120114
5.003906;-0.314951
5.005859;-0.497232
5.007812;-0.659689
5.009766;-0.795847
5.011719;-0.900277
5.013672;-0.968816
5.015625;-0.998731
5.017578;-0.988829
5.019531;-0.939507
5.021484;-0.852729
5.023438;-0.731955
5.025391;-0.582001
5.027344;-0.408844
5.029297;-0.219388
5.031250;-0.021186
5.033203;0.177861
5.035156;0.369817
5.037109;0.547030
5.039062;0.702435
5.041016;0.829835
5.042969;0.924153
5.044922;0.981628
5.046875;0.999968
5.048828;0.978443
5.050781;0.917910
5.052734;0.820783
5.054688;0.690934
5.056641;0.533540
5.058594;0.354875
5.060547;0.162062
5.062500;-0.037211
5.064453;-0.235001
5.066406;-0.423423
5.068359;-0.594963
5.070312;-0.742785
5.072266;-0.860994
5.074219;-0.944877
5.076172;-0.991092
5.078125;-0.997795
5.080078;-0.964719
5.082031;-0.893182
5.083984;-0.786038
5.085938;-0.647556
5.087891;-0.483258
5.089844;-0.299695
5.091797;-0.104183
5.093750;0.095482
5.095703;0.291340
5.097656;0.475584
5.099609;0.640867
5.101562;0.780601
5.103516;0.889215
5.105469;0.962379
5.107422;0.997176
5.109375;0.992219
5.111328;0.947705
5.113281;0.865409
5.115234;0.748612
5.117188;0.601970
5.119141;0.431329
5.121094;0.243493
5.123047;0.045949
5.125000;-0.153426
5.126953;-0.346685
5.128906;-0.526123
5.130859;-0.684585
5.132812;-0.815756
5.134766;-0.914405
5.136719;-0.976599
5.138672;-0.999860
5.140625;-0.983259
5.142578;-0.927459
5.144531;-0.834684
5.146484;-0.708632
5.148438;-0.554330
5.150391;-0.377929
5.152344;-0.186460
5.154297;0.012442
5.156250;0.210848
5.158203;0.400848
5.160156;0.574867
5.162109;0.725969
5.164062;0.848128
5.166016;0.936475
5.167969;0.987488
5.169922;0.999133
5.171875;0.970945
5.173828;0.904049
5.175781;0.801112
5.177734;0.666236
5.179688;0.504800
5.181641;0.323239
5.183594;0.128792
5.185547;-0.070790
5.187500;-0.267550
5.189453;-0.453643
5.191406;-0.621652
5.193359;-0.764876
5.195312;-0.877608
5.197266;-0.955352
5.199219;-0.995009
5.201172;-0.994999
5.203125;-0.955321
5.205078;-0.877557
5.207031;-0.764808
5.208984;-0.621568
5.210938;-0.453549
5.212891;-0.267448
5.214844;-0.070684
5.216797;0.128897
5.218750;0.323340
5.220703;0.504892
5.222656;0.666316
5.224609;0.801175
5.226562;0.904095
5.228516;0.970971
5.230469;0.999137
5.232422;0.987471
5.234375;0.936438
5.236328;0.848072
5.238281;0.725896
5.240234;0.574780
5.242188;0.400750
5.244141;0.210744
5.246094;0.012335
5.248047;-0.186565
5.250000;-0.378027
5.251953;-0.554419
5.253906;-0.708707
5.255859;-0.834742
5.257812;-0.927498
5.259766;-0.983278
5.261719;-0.999858
5.263672;-0.976576
5.265625;-0.914362
5.267578;-0.815694
5.269531;-0.684508
5.271484;-0.526032
5.273438;-0.346585
5.275391;-0.153321
5.277344;0.046055
5.279297;0.243596
5.281250;0.431425
5.283203;0.602054
5.285156;0.748682
5.287109;0.865462
5.289062;0.947739
5.291016;0.992232
5.292969;0.997168
5.294922;0.962350
5.296875;0.889167
5.298828;0.780535
5.300781;0.640786
5.302734;0.475490
5.304688;0.291238
5.306641;0.095376
5.308594;-0.104289
5.310547;-0.299796
5.312500;-0.483351
5.314453;-0.647637
5.316406;-0.786103
5.318359;-0.893230
5.320312;-0.964747
5.322266;-0.997802
5.324219;-0.991078
5.326172;-0.944843
5.328125;-0.860940
5.330078;-0.742713
5.332031;-0.594878
5.333984;-0.423326
5.335938;-0.234898
5.337891;-0.037105
5.339844;0.162167
5.341797;0.354974
5.343750;0.533630
5.345703;0.691011
5.347656;0.820844
5.349609;0.917952
5.351562;0.978464
5.353516;0.999969
5.355469;0.981607
5.357422;0.924112
5.359375;0.829776
5.361328;0.702359
5.363281;0.546941
5.365234;0.369719
5.367188;0.177757
5.369141;-0.021292
5.371094;-0.219492
5.373047;-0.408941
5.375000;-0.582088
5.376953;-0.732028
5.378906;-0.852784
5.380859;-0.939543
5.382812;-0.988845
5.384766;-0.998725
5.386719;-0.968789
5.388672;-0.900231
5.390625;-0.795783
5.392578;-0.659609
5.394531;-0.497139
5.396484;-0.314850
5.398438;-0.120009
5.400391;0.079617
5.402344;0.276068
5.404297;0.461514
5.406250;0.628561
5.408203;0.770548
5.410156;0.881817
5.412109;0.957930
5.414062;0.995854
5.416016;0.994076
5.417969;0.952667
5.419922;0.873279
5.421875;0.759075
5.423828;0.614610
5.425781;0.445642
5.427734;0.258908
5.429688;0.061852
5.431641;-0.137670
5.433594;-0.331703
5.435547;-0.512513
5.437500;-0.672890
5.439453;-0.806441
5.441406;-0.907842
5.443359;-0.973050
5.445312;-0.999466
5.447266;-0.986036
5.449219;-0.933296
5.451172;-0.843348
5.453125;-0.719779
5.455078;-0.567515
5.457031;-0.392625
5.458984;-0.202083
5.460938;-0.003484
5.462891;0.195254
5.464844;0.386207
5.466797;0.561764
5.468750;0.714924
5.470703;0.839583
5.472656;0.930771
5.474609;0.984852
5.476562;0.999669
5.478516;0.974633
5.480469;0.910742
5.482422;0.810542
5.484375;0.678028
5.486328;0.518484
5.488281;0.338269
5.490234;0.144568
5.492188;-0.054896
5.494141;-0.252171
5.496094;-0.439393
5.498047;-0.609098
5.500000;-0.754521
5.501953;-0.869862
5.503906;-0.950526
5.505859;-0.993294
5.507812;-0.996463
5.509766;-0.959907
5.511719;-0.885082
5.513672;-0.774971
5.515625;-0.633965
5.517578;-0.467684
5.519531;-0.282759
5.521484;-0.086561
5.523438;0.113088
5.525391;0.308229
5.527344;0.491081
5.529297;0.654356
5.531250;0.791544
5.533203;0.897175
5.535156;0.967038
5.537109;0.998349
5.539062;0.989859
5.541016;0.941906
5.542969;0.856403
5.544922;0.736757
5.546875;0.587739
5.548828;0.415290
5.550781;0.226285
5.552734;0.028258
5.554688;-0.170895
5.556641;-0.363235
5.558594;-0.541095
5.560547;-0.697382
5.562500;-0.825867
5.564453;-0.921427
5.566406;-0.980253
5.568359;-1.000000
5.570312;-0.979879
5.572266;-0.920694
5.574219;-0.824803
5.576172;-0.696031
5.578125;-0.539509
5.580078;-0.361480
5.582031;-0.169039
5.583984;0.030141
5.585938;0.228119
5.587891;0.417003
5.589844;0.589262
5.591797;0.738030
5.593750;0.857374
5.595703;0.942537
5.597656;0.990125
5.599609;0.998239
5.601562;0.966557
5.603516;0.896341
5.605469;0.790391
5.607422;0.652930
5.609375;0.489440
5.611328;0.306436
5.613281;0.111216
5.615234;-0.088437
5.617188;-0.284565
5.619141;-0.469349
5.621094;-0.635421
5.623047;-0.776160
5.625000;-0.885957
5.626953;-0.960433
5.628906;-0.996620
5.630859;-0.993075
5.632812;-0.949939
5.634766;-0.868932
5.636719;-0.753283
5.638672;-0.607603
5.640625;-0.437701
5.642578;-0.250348
5.644531;-0.053015
5.646484;0.146432
5.648438;0.340041
5.650391;0.520093
5.652344;0.679412
5.654297;0.811644
5.656250;0.911518
5.658203;0.975053
5.660156;0.999716
5.662109;0.984523
5.664062;0.930081
5.666016;0.838559
5.667969;0.713606
5.669922;0.560204
5.671875;0.384469
5.673828;0.193406
5.675781;-0.005368
5.677734;-0.203927
5.679688;-0.394357
5.681641;-0.569064
5.683594;-0.721085
5.685547;-0.844359
5.687500;-0.933971
5.689453;-0.986348
5.691406;-0.999402
5.693359;-0.972614
5.695312;-0.907051
5.697266;-0.805326
5.699219;-0.671495
5.701172;-0.510894
5.703125;-0.329926
5.705078;-0.135804
5.707031;0.063732
5.708984;0.260727
5.710938;0.447328
5.712891;0.616095
5.714844;0.760300
5.716797;0.874195
5.718750;0.953238
5.720703;0.994279
5.722656;0.995681
5.724609;0.957388
5.726562;0.880927
5.728516;0.769346
5.730469;0.627094
5.732422;0.459842
5.734375;0.274257
5.736328;0.077739
5.738281;-0.121879
5.740234;-0.316638
5.742188;-0.498773
5.744141;-0.661024
5.746094;-0.796922
5.748047;-0.901049
5.750000;-0.969254
5.751953;-0.998819
5.753906;-0.988563
5.755859;-0.938896
5.757812;-0.851799
5.759766;-0.730743
5.761719;-0.580555
5.763672;-0.407222
5.765625;-0.217654
5.767578;-0.019409
5.769531;0.179610
5.771484;0.371468
5.773438;0.548517
5.775391;0.703699
5.777344;0.830826
5.779297;0.924831
5.781250;0.981965
5.783203;0.999952
5.785156;0.978074
5.787109;0.917203
5.789062;0.819766
5.791016;0.689648
5.792969;0.532035
5.794922;0.353212
5.796875;0.160308
5.798828;-0.038987
5.800781;-0.236729
5.802734;-0.425032
5.804688;-0.596391
5.806641;-0.743973
5.808594;-0.861896
5.810547;-0.945458
5.812500;-0.991327
5.814453;-0.997675
5.816406;-0.964249
5.818359;-0.892382
5.820312;-0.784938
5.822266;-0.646201
5.824219;-0.481701
5.826172;-0.297999
5.828125;-0.102415
5.830078;0.097251
5.832031;0.293040
5.833984;0.477146
5.835938;0.642231
5.837891;0.781711
5.839844;0.890027
5.841797;0.962861
5.843750;0.997308
5.845703;0.991996
5.847656;0.947136
5.849609;0.864517
5.851562;0.747432
5.853516;0.600549
5.855469;0.429725
5.857422;0.241768
5.859375;0.044174
5.861328;-0.155182
5.863281;-0.348352
5.865234;-0.527633
5.867188;-0.685880
5.869141;-0.816783
5.871094;-0.915123
5.873047;-0.976980
5.875000;-0.999888
5.876953;-0.982933
5.878906;-0.926793
5.880859;-0.833703
5.882812;-0.707377
5.884766;-0.552850
5.886719;-0.376282
5.888672;-0.184714
5.890625;0.014219
5.892578;0.212585
5.894531;0.402476
5.896484;0.576321
5.898438;0.727190
5.900391;0.849069
5.902344;0.937097
5.904297;0.987767
5.906250;0.999057
5.908203;0.970519
5.910156;0.903288
5.912109;0.800047
5.914062;0.664910
5.916016;0.503265
5.917969;0.321557
5.919922;0.127029
5.921875;-0.072563
5.923828;-0.269262
5.925781;-0.455227
5.927734;-0.623043
5.929688;-0.766020
5.931641;-0.878459
5.933594;-0.955876
5.935547;-0.995185
5.937500;-0.994820
5.939453;-0.954794
5.941406;-0.876703
5.943359;-0.763662
5.945312;-0.620175
5.947266;-0.451964
5.949219;-0.265734
5.951172;-0.068911
5.953125;0.130660
5.955078;0.325021
5.957031;0.506425
5.958984;0.667640
5.960938;0.802238
5.962891;0.904853
5.964844;0.971395
5.966797;0.999210
5.968750;0.987189
5.970703;0.935813
5.972656;0.847129
5.974609;0.724672
5.976562;0.573325
5.978516;0.399121
5.980469;0.209006
5.982422;0.010558
5.984375;-0.188311
5.986328;-0.379672
5.988281;-0.555897
5.990234;-0.709960
5.992188;-0.835720
5.994141;-0.928161
5.996094;-0.983600
5.998047;-0.999826
6.000000;-0.976192
6.001953;-0.913640
6.003906;-0.814665
6.005859;-0.683211
6.007812;-0.524520
6.009766;-0.344918
6.011719;-0.151565
6.013672;0.047831
6.015625;0.245319
6.017578;0.433028
6.019531;0.603473
6.021484;0.749859
6.023438;0.866351
6.025391;0.948304
6.027344;0.992451
6.029297;0.997033
6.031250;0.961866
6.033203;0.888352
6.035156;0.779423
6.037109;0.639420
6.039062;0.473926
6.041016;0.289537
6.042969;0.093606
6.044922;-0.106057
6.046875;-0.301491
6.048828;-0.484907
6.050781;-0.648990
6.052734;-0.787201
6.054688;-0.894028
6.056641;-0.965213
6.058594;-0.997918
6.060547;-0.990839
6.062500;-0.944259
6.064453;-0.860034
6.066406;-0.741522
6.068359;-0.593448
6.070312;-0.421715
6.072266;-0.233170
6.074219;-0.035329
6.076172;0.163921
6.078125;0.356635
6.080078;0.535132
6.082031;0.692294
6.083984;0.821857
6.085938;0.918656
6.087891;0.978830
6.089844;0.999981
6.091797;0.981266
6.093750;0.923432
6.095703;0.828783
6.097656;0.701093
6.099609;0.545452
6.101562;0.368067
6.103516;0.176007
6.105469;-0.023069
6.107422;-0.221226
6.109375;-0.410563
6.111328;-0.583532
6.113281;-0.733238
6.115234;-0.853711
6.117188;-0.940150
6.119141;-0.989109
6.121094;-0.998634
6.123047;-0.968347
6.125000;-0.899455
6.126953;-0.794705
6.128906;-0.658272
6.130859;-0.495596
6.132812;-0.313163
6.134766;-0.118244
6.136719;0.081389
6.138672;0.277776
6.140625;0.463090
6.142578;0.629942
6.144531;0.771680
6.146484;0.882654
6.148438;0.958439
6.150391;0.996014
6.152344;0.993881
6.154297;0.952125
6.156250;0.872411
6.158203;0.757917
6.160156;0.613207
6.162109;0.444050
6.164062;0.257191
6.166016;0.060078
6.167969;-0.139430
6.169922;-0.333380
6.171875;-0.514038
6.173828;-0.674204
6.175781;-0.807491
6.177734;-0.908586
6.179688;-0.973458
6.181641;-0.999522
6.183594;-0.985738
6.185547;-0.932656
6.187500;-0.842392
6.189453;-0.718544
6.191406;-0.566050
6.193359;-0.390990
6.195312;-0.200342
6.197266;-0.001707
6.199219;0.196996
6.201172;0.387846
6.203125;0.563233
6.205078;0.716166
6.207031;0.840548
6.208984;0.931419
6.210938;0.985158
6.212891;0.999622
6.214844;0.974234
6.216797;0.910006
6.218750;0.809500
6.220703;0.676721
6.222656;0.516963
6.224609;0.336596
6.226562;0.142809
6.228516;-0.056670
6.230469;-0.253891
6.232422;-0.440989
6.234375;-0.610507
6.236328;-0.755686
6.238281;-0.870738
6.240234;-0.951076
6.242188;-0.993498
6.244141;-0.996312
6.246094;-0.959407
6.248047;-0.884253
6.250000;-0.773846
6.251953;-0.632589
6.253906;-0.466113
6.255859;-0.281054
6.257812;-0.084790
6.259766;0.114854
6.261719;0.309919
6.263672;0.492629
6.265625;0.655699
6.267578;0.792629
6.269531;0.897958
6.271484;0.967489
6.273438;0.998450
6.275391;0.989605
6.277344;0.941308
6.279297;0.855484
6.281250;0.735554
6.283203;0.586300
6.285156;0.413673
6.287109;0.224553
6.289062;0.026481
6.291016;-0.172646
6.292969;-0.364891
6.294922;-0.542589
6.296875;-0.698655
6.298828;-0.826868
6.300781;-0.922117
6.302734;-0.980603
6.304688;-0.999996
6.306641;-0.979523
6.308594;-0.919999
6.310547;-0.823797
6.312500;-0.694753
6.314453;-0.538012
6.316406;-0.359822
6.318359;-0.167287
6.320312;0.031918
6.322266;0.229849
6.324219;0.418618
6.326172;0.590698
6.328125;0.739228
6.330078;0.858287
6.332031;0.943130
6.333984;0.990373
6.335938;0.998132
6.337891;0.966100
6.339844;0.895552
6.341797;0.789301
6.343750;0.651583
6.345703;0.487889
6.347656;0.304744
6.349609;0.109450
6.351562;-0.090208
6.353516;-0.286269
6.355469;-0.470917
6.357422;-0.636792
6.359375;-0.777280
6.361328;-0.886780
6.363281;-0.960927
6.365234;-0.996764
6.367188;-0.992864
6.369141;-0.949382
6.371094;-0.868051
6.373047;-0.752113
6.375000;-0.606191
6.376953;-0.436102
6.378906;-0.248627
6.380859;-0.051240
6.382812;0.148190
6.384766;0.341712
6.386719;0.521611
6.388672;0.680715
6.390625;0.812681
6.392578;0.912248
6.394531;0.975446
6.396484;0.999757
6.398438;0.984210
6.400391;0.929426
6.402344;0.837589
6.404297;0.712360
6.406250;0.558731
6.408203;0.382827
6.410156;0.191662
6.412109;-0.007145
6.414062;-0.205667
6.416016;-0.395990
6.417969;-0.570525
6.419922;-0.722316
6.421875;-0.845310
6.423828;-0.934604
6.425781;-0.986639
6.427734;-0.999339
6.429688;-0.972199
6.431641;-0.906301
6.433594;-0.804271
6.435547;-0.670177
6.437500;-0.509366
6.439453;-0.328247
6.441406;-0.134043
6.443359;0.065506
6.445312;0.262443
6.447266;0.448917
6.449219;0.617494
6.451172;0.761454
6.453125;0.875057
6.455078;0.953774
6.457031;0.994467
6.458984;0.995514
6.460938;0.956873
6.462891;0.880084
6.464844;0.768210
6.466797;0.625709
6.468750;0.458263
6.470703;0.272548
6.472656;0.075967
6.474609;-0.123643
6.476562;-0.318323
6.478516;-0.500313
6.480469;-0.662357
6.482422;-0.797994
6.484375;-0.901819
6.486328;-0.969690
6.488281;-0.998903
6.490234;-0.988293
6.492188;-0.938283
6.494141;-0.850867
6.496094;-0.729529
6.498047;-0.579107
6.500000;-0.405598
6.501953;-0.215919
6.503906;-0.017632
6.505859;0.181358
6.507812;0.373118
6.509766;0.550003
6.511719;0.704960
6.513672;0.831814
6.515625;0.925505
6.517578;0.982300
6.519531;0.999933
6.521484;0.977702
6.523438;0.916493
6.525391;0.818747
6.527344;0.688360
6.529297;0.530530
6.531250;0.351549
6.533203;0.158553
6.535156;-0.040763
6.537109;-0.238455
6.539062;-0.426640
6.541016;-0.597817
6.542969;-0.745160
6.544922;-0.862796
6.546875;-0.946035
6.548828;-0.991559
6.550781;-0.997553
6.552734;-0.963777
6.554688;-0.891578
6.556641;-0.783835
6.558594;-0.644843
6.560547;-0.480143
6.562500;-0.296301
6.564453;-0.100647
6.566406;0.099020
6.568359;0.294739
6.570312;0.478708
6.572266;0.643592
6.574219;0.782818
6.576172;0.890836
6.578125;0.963339
6.580078;0.997437
6.582031;0.991770
6.583984;0.946564
6.585938;0.863622
6.587891;0.746250
6.589844;0.599127
6.591797;0.428119
6.593750;0.240043
6.595703;0.042398
6.597656;-0.156938
6.599609;-0.350017
6.601562;-0.529142
6.603516;-0.687172
6.605469;-0.817807
6.607422;-0.915838
6.609375;-0.977357
6.611328;-0.999913
6.613281;-0.982605
6.615234;-0.926123
6.617188;-0.832721
6.619141;-0.706120
6.621094;-0.551368
6.623047;-0.374635
6.625000;-0.182967
6.626953;0.015996
6.628906;0.214321
6.630859;0.404102
6.632812;0.577772
6.634766;0.728409
6.636719;0.850006
6.638672;0.937716
6.640625;0.988042
6.642578;0.998979
6.644531;0.970089
6.646484;0.902524
6.648438;0.798979
6.650391;0.663581
6.652344;0.501728
6.654297;0.319873
6.656250;0.125266
6.658203;-0.074336
6.660156;-0.270974
6.662109;-0.456809
6.664062;-0.624432
6.666016;-0.767162
6.667969;-0.879307
6.669922;-0.956397
6.671875;-0.995358
6.673828;-0.994637
6.675781;-0.954264
6.677734;-0.875847
6.679688;-0.762513
6.681641;-0.618780
6.683594;-0.450378
6.685547;-0.264021
6.687500;-0.067138
6.689453;0.132422
6.691406;0.326702
6.693359;0.507957
6.695312;0.668962
6.697266;0.803298
6.699219;0.905608
6.701172;0.971815
6.703125;0.999279
6.705078;0.986904
6.707031;0.935185
6.708984;0.846183
6.710938;0.723446
6.712891;0.571868
6.714844;0.397491
6.716797;0.207267
6.718750;0.008781
6.720703;-0.190056
6.722656;-0.381316
6.724609;-0.557374
6.726562;-0.711211
6.728516;-0.836694
6.730469;-0.928821
6.732422;-0.983919
6.734375;-0.999791
6.736328;-0.975805
6.738281;-0.912916
6.740234;-0.813633
6.742188;-0.681912
6.744141;-0.523006
6.746094;-0.343249
6.748047;-0.149807
6.750000;0.049606
6.751953;0.247042
6.753906;0.434629
6.755859;0.604889
6.757812;0.751034
6.759766;0.867237
6.761719;0.948867
6.763672;0.992668
6.765625;0.996894
6.767578;0.961378
6.769531;0.887534
6.771484;0.778308
6.773438;0.638052
6.775391;0.472360
6.777344;0.287836
6.779297;0.091837
6.781250;-0.107824
6.783203;-0.303186
6.785156;-0.486460
6.787109;-0.650342
6.789062;-0.788296
6.791016;-0.894823
6.792969;-0.965676
6.794922;-0.998031
6.796875;-0.990598
6.798828;-0.943672
6.800781;-0.859126
6.802734;-0.740328
6.804688;-0.592017
6.806641;-0.420103
6.808594;-0.231441
6.810547;-0.033552
6.812500;0.165674
6.814453;0.358295
6.816406;0.536633
6.818359;0.693576
6.820312;0.822869
6.822266;0.919356
6.824219;0.979192
6.826172;0.999991
6.828125;0.980922
6.830078;0.922748
6.832031;0.827787
6.833984;0.699824
6.835938;0.543962
6.837891;0.366413
6.839844;0.174257
6.841797;-0.024846
6.843750;-0.222959
6.845703;-0.412183
6.847656;-0.584975
6.849609;-0.734445
6.851562;-0.854636
6.853516;-0.940755
6.855469;-0.989369
6.857422;-0.998540
6.859375;-0.967902
6.861328;-0.898677
6.863281;-0.793625
6.865234;-0.656933
6.867188;-0.494052
6.869141;-0.311474
6.871094;-0.116479
6.873047;0.083160
6.875000;0.279483
6.876953;0.464665
6.878906;0.631322
6.880859;0.772809
6.882812;0.883488
6.884766;0.958944
6.886719;0.996171
6.888672;0.993683
6.890625;0.951580
6.892578;0.871541
6.894531;0.756756
6.896484;0.611802
6.898438;0.442457
6.900391;0.255473
6.902344;0.058303
6.904297;-0.141190
6.906250;-0.335055
6.908203;-0.515562
6.910156;-0.675515
6.912109;-0.808538
6.914062;-0.909327
6.916016;-0.973864
6.917969;-0.999576
6.919922;-0.985438
6.921875;-0.932013
6.923828;-0.841433
6.925781;-0.717307
6.927734;-0.564584
6.929688;-0.389353
6.931641;-0.198600
6.933594;0.000071
6.935547;0.198739
6.937500;0.389484
6.939453;0.564701
6.941406;0.717405
6.943359;0.841509
6.945312;0.932065
6.947266;0.985462
6.949219;0.999572
6.951172;0.973832
6.953125;0.909268
6.955078;0.808455
6.957031;0.675411
6.958984;0.515441
6.960938;0.334921
6.962891;0.141050
6.964844;-0.058445
6.966797;-0.255610
6.968750;-0.442584
6.970703;-0.611914
6.972656;-0.756849
6.974609;-0.871611
6.976562;-0.951624
6.978516;-0.993699
6.980469;-0.996158
6.982422;-0.958904
6.984375;-0.883421
6.986328;-0.772719
6.988281;-0.631212
6.990234;-0.464539
6.992188;-0.279347
6.994141;-0.083019
6.996094;0.116620
6.998047;0.311609
7.000000;0.494175
7.001953;0.657040
7.003906;0.793711
7.005859;0.898739
7.007812;0.967938
7.009766;0.998547
7.011719;0.989348
7.013672;0.940706
7.015625;0.854562
7.017578;0.734349
7.019531;0.584860
7.021484;0.412054
7.023438;0.222821
7.025391;0.024704
7.027344;-0.174397
7.029297;-0.366545
7.031250;-0.544081
7.033203;-0.699925
7.035156;-0.827866
7.037109;-0.922803
7.039062;-0.980950
7.041016;-0.999990
7.042969;-0.979163
7.044922;-0.919301
7.046875;-0.822788
7.048828;-0.693474
7.050781;-0.536513
7.052734;-0.358163
7.054688;-0.165534
7.056641;0.033694
7.058594;0.231579
7.060547;0.420232
7.062500;0.592131
7.064453;0.740424
7.066406;0.859198
7.068359;0.943719
7.070312;0.990617
7.072266;0.998022
7.074219;0.965639
7.076172;0.894759
7.078125;0.788208
7.080078;0.650234
7.082031;0.486337
7.083984;0.303051
7.085938;0.107683
7.087891;-0.091978
7.089844;-0.287971
7.091797;-0.472485
7.093750;-0.638161
7.095703;-0.778397
7.097656;-0.887600
7.099609;-0.961417
7.101562;-0.996906
7.103516;-0.992651
7.105469;-0.948822
7.107422;-0.867167
7.109375;-0.750940
7.111328;-0.604776
7.113281;-0.434502
7.115234;-0.246905
7.117188;-0.049465
7.119141;0.149948
7.121094;0.343382
7.123047;0.523126
7.125000;0.682016
7.126953;0.813715
7.128906;0.912974
7.130859;0.975836
7.132812;0.999794
7.134766;0.983894
7.136719;0.928769
7.138672;0.836617
7.140625;0.711111
7.142578;0.557256
7.144531;0.381185
7.146484;0.189917
7.148438;-0.008923
7.150391;-0.207406
7.152344;-0.397621
7.154297;-0.571984
7.156250;-0.723544
7.158203;-0.846258
7.160156;-0.935235
7.162109;-0.986927
7.164062;-0.999273
7.166016;-0.971782
7.167969;-0.905548
7.169922;-0.803213
7.171875;-0.668857
7.173828;-0.507835
7.175781;-0.326568
7.177734;-0.132281
7.179688;0.067279
7.181641;0.264157
7.183594;0.450504
7.185547;0.618891
7.187500;0.762605
7.189453;0.875915
7.191406;0.954306
7.193359;0.994652
7.195312;0.995344
7.197266;0.956355
7.199219;0.879239
7.201172;0.767071
7.203125;0.624321
7.205078;0.456683
7.207031;0.270837
7.208984;0.074194
7.210938;-0.125406
7.212891;-0.320008
7.214844;-0.501851
7.216797;-0.663687
7.218750;-0.799064
7.220703;-0.902585
7.222656;-0.970123
7.224609;-0.998985
7.226562;-0.988021
7.228516;-0.937667
7.230469;-0.849931
7.232422;-0.728312
7.234375;-0.577657
7.236328;-0.403972
7.238281;-0.214183
7.240234;-0.015855
7.242188;0.183106
7.244141;0.374766
7.246094;0.551486
7.248047;0.706220
7.250000;0.832799
7.251953;0.926177
7.253906;0.982631
7.255859;0.999911
7.257812;0.977327
7.259766;0.915781
7.261719;0.817725
7.263672;0.687069
7.265625;0.529022
7.267578;0.349885
7.269531;0.156798
7.271484;-0.042539
7.273438;-0.240181
7.275391;-0.428247
7.277344;-0.599241
7.279297;-0.746344
7.281250;-0.863693
7.283203;-0.946610
7.285156;-0.991788
7.287109;-0.997427
7.289062;-0.963301
7.291016;-0.890772
7.292969;-0.782730
7.294922;-0.643483
7.296875;-0.478583
7.298828;-0.294603
7.300781;-0.098879
7.302734;0.100788
7.304688;0.296437
7.306641;0.480267
7.308594;0.644951
7.310547;0.783923
7.312500;0.891642
7.314453;0.963814
7.316406;0.997562
7.318359;0.991541
7.320312;0.945989
7.322266;0.862724
7.324219;0.745066
7.326172;0.597703
7.328125;0.426512
7.330078;0.238317
7.332031;0.040622
7.333984;-0.158693
7.335938;-0.351682
7.337891;-0.530650
7.339844;-0.688462
7.341797;-0.818828
7.343750;-0.916550
7.345703;-0.977732
7.347656;-0.999935
7.349609;-0.982273
7.351562;-0.925452
7.353516;-0.831735
7.355469;-0.704860
7.357422;-0.549884
7.359375;-0.372986
7.361328;-0.181219
7.363281;0.017773
7.365234;0.216057
7.367188;0.405727
7.369141;0.579222
7.371094;0.729626
7.373047;0.850941
7.375000;0.938332
7.376953;0.988315
7.378906;0.998897
7.380859;0.969656
7.382812;0.901757
7.384766;0.797909
7.386719;0.662250
7.388672;0.500190
7.390625;0.318189
7.392578;0.123502
7.394531;-0.076108
7.396484;-0.272684
7.398438;-0.458389
7.400391;-0.625820
7.402344;-0.768300
7.404297;-0.880152
7.406250;-0.956914
7.408203;-0.995527
7.410156;-0.994452
7.412109;-0.953731
7.414062;-0.874988
7.416016;-0.761362
7.417969;-0.617382
7.419922;-0.448790
7.421875;-0.262306
7.423828;-0.065364
7.425781;0.134183
7.427734;0.328381
7.429688;0.509488
7.431641;0.670282
7.433594;0.804355
7.435547;0.906361
7.437500;0.972233
7.439453;0.999345
7.441406;0.986616
7.443359;0.934554
7.445312;0.845234
7.447266;0.722218
7.449219;0.570409
7.451172;0.395859
7.453125;0.205528
7.455078;0.007003
7.457031;-0.191801
7.458984;-0.382958
7.460938;-0.558849
7.462891;-0.712459
7.464844;-0.837666
7.466797;-0.929479
7.468750;-0.984235
7.470703;-0.999754
7.472656;-0.975415
7.474609;-0.912190
7.476562;-0.812598
7.478516;-0.680611
7.480469;-0.521490
7.482422;-0.341579
7.484375;-0.148050
7.486328;0.051381
7.488281;0.248764
7.490234;0.436229
7.492188;0.606303
7.494141;0.752206
7.496094;0.868121
7.498047;0.949426
7.500000;0.992881
7.501953;0.996753
7.503906;0.960887
7.505859;0.886714
7.507812;0.777191
7.509766;0.636683
7.511719;0.470792
7.513672;0.286133
7.515625;0.090066
7.517578;-0.109591
7.519531;-0.304879
7.521484;-0.488013
7.523438;-0.651691
7.525391;-0.789388
7.527344;-0.895615
7.529297;-0.966136
7.531250;-0.998141
7.533203;-0.990353
7.535156;-0.943083
7.537109;-0.858215
7.539062;-0.739132
7.541016;-0.590583
7.542969;-0.418489
7.544922;-0.229712
7.546875;-0.031776
7.548828;0.167426
7.550781;0.359954
7.552734;0.538132
7.554688;0.694855
7.556641;0.823877
7.558594;0.920054
7.560547;0.979551
7.562500;0.999997
7.564453;0.980575
7.566406;0.922062
7.568359;0.826788
7.570312;0.698553
7.572266;0.542469
7.574219;0.364759
7.576172;0.172507
7.578125;-0.026623
7.580078;-0.224691
7.582031;-0.413802
7.583984;-0.586415
7.585938;-0.735650
7.587891;-0.855557
7.589844;-0.941356
7.591797;-0.989625
7.593750;-0.998442
7.595703;-0.967454
7.597656;-0.897896
7.599609;-0.792542
7.601562;-0.655592
7.603516;-0.492506
7.605469;-0.309785
7.607422;-0.114713
7.609375;0.084931
7.611328;0.281190
7.613281;0.466238
7.615234;0.632699
7.617188;0.773936
7.619141;0.884319
7.621094;0.959447
7.623047;0.996325
7.625000;0.993482
7.626953;0.951032
7.628906;0.870668
7.630859;0.755593
7.632812;0.610395
7.634766;0.440862
7.636719;0.253754
7.638672;0.056529
7.640625;-0.142950
7.642578;-0.336729
7.644531;-0.517084
7.646484;-0.676825
7.648438;-0.809583
7.650391;-0.910065
7.652344;-0.974266
7.654297;-0.999626
7.656250;-0.985134
7.658203;-0.931368
7.660156;-0.840471
7.662109;-0.716067
7.664062;-0.563116
7.666016;-0.387715
7.667969;-0.196858
7.669922;0.001848
7.671875;0.200480
7.673828;0.391120
7.675781;0.566167
7.677734;0.718643
7.679688;0.842468
7.681641;0.932707
7.683594;0.985762
7.685547;0.999518
7.687500;0.973426
7.689453;0.908527
7.691406;0.807407
7.693359;0.674099
7.695312;0.513917
7.697266;0.333246
7.699219;0.139290
7.701172;-0.060219
7.703125;-0.257328
7.705078;-0.444177
7.707031;-0.613319
7.708984;-0.758009
7.710938;-0.872480
7.712891;-0.952169
7.714844;-0.993897
7.716797;-0.996001
7.718750;-0.958398
7.720703;-0.882587
7.722656;-0.771590
7.724609;-0.629832
7.726562;-0.462965
7.728516;-0.277640
7.730469;-0.081247
7.732422;0.118385
7.734375;0.313297
7.736328;0.495719
7.738281;0.658379
7.740234;0.794791
7.742188;0.899517
7.744141;0.968382
7.746094;0.998641
7.748047;0.989088
7.750000;0.940102
7.751953;0.853638
7.753906;0.733141
7.755859;0.583417
7.757812;0.410434
7.759766;0.221088
7.761719;0.022928
7.763672;-0.176147
7.765625;-0.368198
7.767578;-0.545571
7.769531;-0.701194
7.771484;-0.828862
7.773438;-0.923486
7.775391;-0.981294
7.777344;-0.999980
7.779297;-0.978801
7.781250;-0.918600
7.783203;-0.821777
7.785156;-0.692192
7.787109;-0.535012
7.789062;-0.356503
7.791016;-0.163781
7.792969;0.035470
7.794922;0.233308
7.796875;0.421844
7.798828;0.593562
7.800781;0.741617
7.802734;0.860106
7.804688;0.944306
7.806641;0.990858
7.808594;0.997909
7.810547;0.965176
7.812500;0.893964
7.814453;0.787113
7.816406;0.648882
7.818359;0.484783
7.820312;0.301356
7.822266;0.105916
7.824219;-0.093747
7.826172;-0.289673
7.828125;-0.474050
7.830078;-0.639529
7.832031;-0.779511
7.833984;-0.888417
7.835938;-0.961905
7.837891;-0.997044
7.839844;-0.992434
7.841797;-0.948259
7.843750;-0.866280
7.845703;-0.749765
7.847656;-0.603360
7.849609;-0.432900
7.851562;-0.245182
7.853516;-0.047689
7.855469;0.151705
7.857422;0.345051
7.859375;0.524640
7.861328;0.683315
7.863281;0.814747
7.865234;0.913698
7.867188;0.976223
7.869141;0.999829
7.871094;0.983575
7.873047;0.928109
7.875000;0.835642
7.876953;0.709860
7.878906;0.555779
7.880859;0.379541
7.882812;0.188171
7.884766;-0.010700
7.886719;-0.209145
7.888672;-0.399251
7.890625;-0.573441
7.892578;-0.724770
7.894531;-0.847204
7.896484;-0.935863
7.898438;-0.987212
7.900391;-0.999204
7.902344;-0.971361
7.904297;-0.904793
7.906250;-0.802153
7.908203;-0.667534
7.910156;-0.506303
7.912109;-0.324887
7.914062;-0.130519
7.916016;0.069052
7.917969;0.265871
7.919922;0.452090
7.921875;0.620286
7.923828;0.763753
7.925781;0.876772
7.927734;0.954836
7.929688;0.994834
7.931641;0.995171
7.933594;0.955834
7.935547;0.878391
7.937500;0.765929
7.939453;0.622932
7.941406;0.455101
7.943359;0.269126
7.945312;0.072422
7.947266;-0.127170
7.949219;-0.321691
7.951172;-0.503388
7.953125;-0.665016
7.955078;-0.800132
7.957031;-0.903349
7.958984;-0.970553
7.960938;-0.999063
7.962891;-0.987745
7.964844;-0.937048
7.966797;-0.848994
7.968750;-0.727093
7.970703;-0.576205
7.972656;-0.402346
7.974609;-0.212446
7.976562;-0.014077
7.978516;0.184853
7.980469;0.376414
7.982422;0.552968
7.984375;0.707477
7.986328;0.833782
7.988281;0.926846
7.990234;0.982959
7.992188;0.999886
7.994141;0.976950
7.996094;0.915066
7.998047;0.816701
8.000000;0.685777
8.001953;0.527513
8.003906;0.348219
8.005859;0.155042
8.007812;-0.044315
8.009766;-0.241906
8.011719;-0.429853
8.013672;-0.600663
8.015625;-0.747526
8.017578;-0.864588
8.019531;-0.947181
8.021484;-0.992014
8.023438;-0.997298
8.025391;-0.962822
8.027344;-0.889963
8.029297;-0.781623
8.031250;-0.642122
8.033203;-0.477022
8.035156;-0.292904
8.037109;-0.097110
8.039062;0.102556
8.041016;0.298134
8.042969;0.481826
8.044922;0.646309
8.046875;0.785025
8.048828;0.892446
8.050781;0.964287
8.052734;0.997685
8.054688;0.991308
8.056641;0.945412
8.058594;0.861824
8.060547;0.743879
8.062500;0.596277
8.064453;0.424904
8.066406;0.236591
8.068359;0.038846
8.070312;-0.160448
8.072266;-0.353345
8.074219;-0.532155
8.076172;-0.689750
8.078125;-0.819847
8.080078;-0.917260
8.082031;-0.978103
8.083984;-0.999953
8.085938;-0.981938
8.087891;-0.924777
8.089844;-0.830747
8.091797;-0.703598
8.093750;-0.548399
8.095703;-0.371337
8.097656;-0.179471
8.099609;0.019551
8.101562;0.217792
8.103516;0.407351
8.105469;0.580670
8.107422;0.730840
8.109375;0.851873
8.111328;0.938945
8.113281;0.988584
8.115234;0.998812
8.117188;0.969220
8.119141;0.900988
8.121094;0.796836
8.123047;0.660918
8.125000;0.498650
8.126953;0.316503
8.128906;0.121738
8.130859;-0.077880
8.132812;-0.274394
8.134766;-0.459968
8.136719;-0.627205
8.138672;-0.769437
8.140625;-0.880994
8.142578;-0.957429
8.144531;-0.995694
8.146484;-0.994264
8.148438;-0.953195
8.150391;-0.874126
8.152344;-0.760208
8.154297;-0.615983
8.156250;-0.447201
8.158203;-0.260590
8.160156;-0.063590
8.162109;0.135944
8.164062;0.330059
8.166016;0.511016
8.167969;0.671600
8.169922;0.805410
8.171875;0.907110
8.173828;0.972647
8.175781;0.999407
8.177734;0.986325
8.179688;0.933920
8.181641;0.844283
8.183594;0.720987
8.185547;0.568948
8.187500;0.394226
8.189453;0.203788
8.191406;0.005226
8.193359;-0.193545
8.195312;-0.384600
8.197266;-0.560322
8.199219;-0.713705
8.201172;-0.838636
8.203125;-0.930133
8.205078;-0.984548
8.207031;-0.999713
8.208984;-0.975022
8.210938;-0.911460
8.212891;-0.811561
8.214844;-0.679308
8.216797;-0.519972
8.218750;-0.339908
8.220703;-0.146292
8.222656;0.053156
8.224609;0.250485
8.226562;0.437828
8.228516;0.607716
8.230469;0.753376
8.232422;0.869002
8.234375;0.949983
8.236328;0.993091
8.238281;0.996608
8.240234;0.960394
8.242188;0.885891
8.244141;0.776071
8.246094;0.635311
8.248047;0.469223
8.250000;0.284429
8.251953;0.088296
8.253906;-0.111357
8.255859;-0.306571
8.257812;-0.489563
8.259766;-0.653038
8.261719;-0.790478
8.263672;-0.896404
8.265625;-0.966593
8.267578;-0.998248
8.269531;-0.990105
8.271484;-0.942490
8.273438;-0.857301
8.275391;-0.737934
8.277344;-0.589148
8.279297;-0.416874
8.281250;-0.227981
8.283203;-0.029999
8.285156;0.169179
8.287109;0.361612
8.289062;0.539629
8.291016;0.696132
8.292969;0.824884
8.294922;0.920749
8.296875;0.979907
8.298828;1.000000
8.300781;0.980225
8.302734;0.921372
8.304688;0.825787
8.306641;0.697280
8.308594;0.540975
8.310547;0.363103
8.312500;0.170756
8.314453;-0.028400
8.316406;-0.226423
8.318359;-0.415419
8.320312;-0.587854
8.322266;-0.736853
8.324219;-0.856476
8.326172;-0.941954
8.328125;-0.989879
8.330078;-0.998341
8.332031;-0.967002
8.333984;-0.897112
8.335938;-0.791457
8.337891;-0.654249
8.339844;-0.490958
8.341797;-0.308094
8.343750;-0.112948
8.345703;0.086702
8.347656;0.282895
8.349609;0.467810
8.351562;0.634074
8.353516;0.775061
8.355469;0.885148
8.357422;0.959946
8.359375;0.996475
8.361328;0.993278
8.363281;0.950482
8.365234;0.869793
8.367188;0.754428
8.369141;0.608986
8.371094;0.439266
8.373047;0.252034
8.375000;0.054754
8.376953;-0.144708
8.378906;-0.338402
8.380859;-0.518605
8.382812;-0.678132
8.384766;-0.810625
8.386719;-0.910800
8.388672;-0.974665
8.390625;-0.999673
8.392578;-0.984827
8.394531;-0.930719
8.396484;-0.839506
8.398438;-0.714825
8.400391;-0.561646
8.402344;-0.386076
8.404297;-0.195115
8.406250;0.003626
8.408203;0.202221
8.410156;0.392755
8.412109;0.567631
8.414062;0.719877
8.416016;0.843424
8.417969;0.933347
8.419922;0.986059
8.421875;0.999461
8.423828;0.973017
8.425781;0.907783
8.427734;0.806357
8.429688;0.672785
8.431641;0.512391
8.433594;0.331570
8.435547;0.137530
8.437500;-0.061993
8.439453;-0.259045
8.441406;-0.445769
8.443359;-0.614722
8.445312;-0.759167
8.447266;-0.873348
8.449219;-0.952710
8.451172;-0.994091
8.453125;-0.995841
8.455078;-0.957889
8.457031;-0.881750
8.458984;-0.770458
8.460938;-0.628450
8.462891;-0.461388
8.464844;-0.275932
8.466797;-0.079476
8.468750;0.120150
8.470703;0.314985
8.472656;0.497262
8.474609;0.659716
8.476562;0.795868
8.478516;0.900292
8.480469;0.968824
8.482422;0.998732
8.484375;0.988824
8.486328;0.939495
8.488281;0.852710
8.490234;0.731931
8.492188;0.581972
8.494141;0.408812
8.496094;0.219354
8.498047;0.021150
8.500000;-0.177896
8.501953;-0.369850
8.503906;-0.547060
8.505859;-0.702460
8.507812;-0.829855
8.509766;-0.924167
8.511719;-0.981634
8.513672;-0.999968
8.515625;-0.978435
8.517578;-0.917896
8.519531;-0.820763
8.521484;-0.690908
8.523438;-0.533510
8.525391;-0.354842
8.527344;-0.162027
8.529297;0.037247
8.531250;0.235036
8.533203;0.423455
8.535156;0.594992
8.537109;0.742808
8.539062;0.861012
8.541016;0.944889
8.542969;0.991097
8.544922;0.997792
8.546875;0.964709
8.548828;0.893166
8.550781;0.786016
8.552734;0.647529
8.554688;0.483227
8.556641;0.299661
8.558594;0.104148
8.560547;-0.095517
8.562500;-0.291374
8.564453;-0.475615
8.566406;-0.640894
8.568359;-0.780623
8.570312;-0.889232
8.572266;-0.962389
8.574219;-0.997179
8.576172;-0.992214
8.578125;-0.947693
8.580078;-0.865391
8.582031;-0.748588
8.583984;-0.601941
8.585938;-0.431297
8.587891;-0.243458
8.589844;-0.045914
8.591797;0.153461
8.593750;0.346718
8.595703;0.526153
8.597656;0.684611
8.599609;0.815776
8.601562;0.914419
8.603516;0.976607
8.605469;0.999860
8.607422;0.983252
8.609375;0.927445
8.611328;0.834664
8.613281;0.708607
8.615234;0.554301
8.617188;0.377896
8.619141;0.186425
8.621094;-0.012477
8.623047;-0.210882
8.625000;-0.400880
8.626953;-0.574896
8.628906;-0.725993
8.630859;-0.848147
8.632812;-0.936488
8.634766;-0.987494
8.636719;-0.999131
8.638672;-0.970937
8.640625;-0.904034
8.642578;-0.801091
8.644531;-0.666210
8.646484;-0.504770
8.648438;-0.323206
8.650391;-0.128757
8.652344;0.070826
8.654297;0.267584
8.656250;0.453675
8.658203;0.621679
8.660156;0.764899
8.662109;0.877625
8.664062;0.955363
8.666016;0.995013
8.667969;0.994995
8.669922;0.955310
8.671875;0.877540
8.673828;0.764785
8.675781;0.621541
8.677734;0.453517
8.679688;0.267413
8.681641;0.070649
8.683594;-0.128932
8.685547;-0.323373
8.687500;-0.504923
8.689453;-0.666342
8.691406;-0.801197
8.693359;-0.904110
8.695312;-0.970979
8.697266;-0.999139
8.699219;-0.987466
8.701172;-0.936426
8.703125;-0.848053
8.705078;-0.725871
8.707031;-0.574751
8.708984;-0.400718
8.710938;-0.210709
8.712891;-0.012300
8.714844;0.186599
8.716797;0.378060
8.718750;0.554448
8.720703;0.708732
8.722656;0.834762
8.724609;0.927512
8.726562;0.983285
8.728516;0.999857
8.730469;0.976569
8.732422;0.914347
8.734375;0.815674
8.736328;0.684482
8.738281;0.526002
8.740234;0.346552
8.742188;0.153286
8.744141;-0.046091
8.746094;-0.243630
8.748047;-0.431457
8.750000;-0.602083
8.751953;-0.748705
8.753906;-0.865480
8.755859;-0.947750
8.757812;-0.992236
8.759766;-0.997166
8.761719;-0.962341
8.763672;-0.889151
8.765625;-0.780513
8.767578;-0.640758
8.769531;-0.475459
8.771484;-0.291204
8.773438;-0.095341
8.775391;0.104324
8.777344;0.299830
8.779297;0.483382
8.781250;0.647664
8.783203;0.786125
8.785156;0.893246
8.787109;0.964756
8.789062;0.997804
8.791016;0.991073
8.792969;0.944831
8.794922;0.860921
8.796875;0.742690
8.798828;0.594849
8.800781;0.423294
8.802734;0.234864
8.804688;0.037070
8.806641;-0.162202
8.808594;-0.355007
8.810547;-0.533660
8.812500;-0.691036
8.814453;-0.820864
8.816406;-0.917966
8.818359;-0.978472
8.820312;-0.999969
8.822266;-0.981601
8.824219;-0.924099
8.826172;-0.829756
8.828125;-0.702334
8.830078;-0.546912
8.832031;-0.369686
8.833984;-0.177722
8.835938;0.021328
8.837891;0.219527
8.839844;0.408974
8.841797;0.582116
8.843750;0.732052
8.845703;0.852803
8.847656;0.939555
8.849609;0.988851
8.851562;0.998724
8.853516;0.968780
8.855469;0.900215
8.857422;0.795761
8.859375;0.659583
8.861328;0.497109
8.863281;0.314817
8.865234;0.119974
8.867188;-0.079652
8.869141;-0.276103
8.871094;-0.461546
8.873047;-0.628588
8.875000;-0.770571
8.876953;-0.881834
8.878906;-0.957940
8.880859;-0.995857
8.882812;-0.994072
8.884766;-0.952656
8.886719;-0.873261
8.888672;-0.759052
8.890625;-0.614582
8.892578;-0.445610
8.894531;-0.258874
8.896484;-0.061817
8.898438;0.137705
8.900391;0.331737
8.902344;0.512543
8.904297;0.672916
8.906250;0.806462
8.908203;0.907857
8.910156;0.973058
8.912109;0.999467
8.914062;0.986030
8.916016;0.933283
8.917969;0.843329
8.919922;0.719754
8.921875;0.567485
8.923828;0.392592
8.925781;0.202048
8.927734;0.003449
8.929688;-0.195288
8.931641;-0.386240
8.933594;-0.561793
8.935547;-0.714949
8.937500;-0.839603
8.939453;-0.930784
8.941406;-0.984858
8.943359;-0.999668
8.945312;-0.974625
8.947266;-0.910727
8.949219;-0.810521
8.951172;-0.678002
8.953125;-0.518453
8.955078;-0.338235
8.957031;-0.144533
8.958984;0.054931
8.960938;0.252206
8.962891;0.439425
8.964844;0.609127
8.966797;0.754544
8.968750;0.869880
8.970703;0.950537
8.972656;0.993298
8.974609;0.996460
8.976562;0.959897
8.978516;0.885065
8.980469;0.774949
8.982422;0.633937
8.984375;0.467653
8.986328;0.282725
8.988281;0.086525
8.990234;-0.113124
8.992188;-0.308263
8.994141;-0.491112
8.996094;-0.654383
8.998047;-0.791565
9.000000;-0.897190
9.001953;-0.967047
9.003906;-0.998351
9.005859;-0.989854
9.007812;-0.941895
9.009766;-0.856385
9.011719;-0.736733
9.013672;-0.587711
9.015625;-0.415258
9.017578;-0.226250
9.019531;-0.028223
9.021484;0.170930
9.023438;0.363268
9.025391;0.541124
9.027344;0.697407
9.029297;0.825887
9.031250;0.921441
9.033203;0.980260
9.035156;1.000000
9.037109;0.979872
9.039062;0.920680
9.041016;0.824783
9.042969;0.696005
9.044922;0.539480
9.046875;0.361447
9.048828;0.169004
9.050781;-0.030176
9.052734;-0.228154
9.054688;-0.417035
9.056641;-0.589291
9.058594;-0.738054
9.060547;-0.857392
9.062500;-0.942549
9.064453;-0.990130
9.066406;-0.998237
9.068359;-0.966548
9.070312;-0.896325
9.072266;-0.790369
9.074219;-0.652904
9.076172;-0.489409
9.078125;-0.306403
9.080078;-0.111181
9.082031;0.088473
9.083984;0.284599
9.085938;0.469380
9.087891;0.635448
9.089844;0.776182
9.091797;0.885973
9.093750;0.960443
9.095703;0.996623
9.097656;0.993071
9.099609;0.949928
9.101562;0.868914
9.103516;0.753260
9.105469;0.607575
9.107422;0.437669
9.109375;0.250314
9.111328;0.052979
9.113281;-0.146467
9.115234;-0.340074
9.117188;-0.520124
9.119141;-0.679438
9.121094;-0.811664
9.123047;-0.911533
9.125000;-0.975061
9.126953;-0.999717
9.128906;-0.984517
9.130859;-0.930068
9.132812;-0.838539
9.134766;-0.713581
9.136719;-0.560175
9.138672;-0.384436
9.140625;-0.193371
9.142578;0.005403
9.144531;0.203962
9.146484;0.394389
9.148438;0.569094
9.150391;0.721110
9.152344;0.844378
9.154297;0.933983
9.156250;0.986354
9.158203;0.999401
9.160156;0.972606
9.162109;0.907036
9.164062;0.805305
9.166016;0.671469
9.167969;0.510864
9.169922;0.329892
9.171875;0.135769
9.173828;-0.063767
9.175781;-0.260761
9.177734;-0.447359
9.179688;-0.616123
9.181641;-0.760323
9.183594;-0.874212
9.185547;-0.953249
9.187500;-0.994282
9.189453;-0.995677
9.191406;-0.957378
9.193359;-0.880910
9.195312;-0.769324
9.197266;-0.627067
9.199219;-0.459811
9.201172;-0.274223
9.203125;-0.077704
9.205078;0.121914
9.207031;0.316671
9.208984;0.498804
9.210938;0.661051
9.212891;0.796943
9.214844;0.901065
9.216797;0.969263
9.218750;0.998820
9.220703;0.988558
9.222656;0.938884
9.224609;0.851781
9.226562;0.730719
9.228516;0.580526
9.230469;0.407189
9.232422;0.217619
9.234375;0.019373
9.236328;-0.179645
9.238281;-0.371501
9.240234;-0.548547
9.242188;-0.703724
9.244141;-0.830846
9.246094;-0.924844
9.248047;-0.981972
9.250000;-0.999952
9.251953;-0.978067
9.253906;-0.917189
9.255859;-0.819746
9.257812;-0.689622
9.259766;-0.532005
9.261719;-0.353179
9.263672;-0.160273
9.265625;0.039023
9.267578;0.236763
9.269531;0.425064
9.271484;0.596419
9.273438;0.743997
9.275391;0.861914
9.277344;0.945469
9.279297;0.991332
9.281250;0.997673
9.283203;0.964240
9.285156;0.892366
9.287109;0.784916
9.289062;0.646173
9.291016;0.481670
9.292969;0.297965
9.294922;0.102380
9.296875;-0.097286
9.298828;-0.293074
9.300781;-0.477178
9.302734;-0.642258
9.304688;-0.781733
9.306641;-0.890043
9.308594;-0.962870
9.310547;-0.997311
9.312500;-0.991991
9.314453;-0.947125
9.316406;-0.864499
9.318359;-0.747408
9.320312;-0.600521
9.322266;-0.429693
9.324219;-0.241734
9.326172;-0.044138
9.328125;0.155217
9.330078;0.348385
9.332031;0.527663
9.333984;0.685906
9.335938;0.816803
9.337891;0.915137
9.339844;0.976987
9.341797;0.999888
9.343750;0.982927
9.345703;0.926779
9.347656;0.833684
9.349609;0.707352
9.351562;0.552820
9.353516;0.376250
9.355469;0.184679
9.357422;-0.014254
9.359375;-0.212619
9.361328;-0.402508
9.363281;-0.576350
9.365234;-0.727214
9.367188;-0.849087
9.369141;-0.937110
9.371094;-0.987772
9.373047;-0.999056
9.375000;-0.970510
9.376953;-0.903273
9.378906;-0.800025
9.380859;-0.664883
9.382812;-0.503235
9.384766;-0.321523
9.386719;-0.126994
9.388672;0.072598
9.390625;0.269296
9.392578;0.455258
9.394531;0.623071
9.396484;0.766043
9.398438;0.878476
9.400391;0.955886
9.402344;0.995189
9.404297;0.994816
9.406250;0.954783
9.408203;0.876686
9.410156;0.763639
9.412109;0.620147
9.414062;0.451932
9.416016;0.265700
9.417969;0.068876
9.419922;-0.130695
9.421875;-0.325055
9.423828;-0.506456
9.425781;-0.667666
9.427734;-0.802259
9.429688;-0.904868
9.431641;-0.971403
9.433594;-0.999211
9.435547;-0.987184
9.437500;-0.935800
9.439453;-0.847110
9.441406;-0.724648
9.443359;-0.573296
9.445312;-0.399089
9.447266;-0.208971
9.449219;-0.010523
9.451172;0.188345
9.453125;0.379705
9.455078;0.555926
9.457031;0.709985
9.458984;0.835739
9.460938;0.928174
9.462891;0.983607
9.464844;0.999826
9.466797;0.976184
9.468750;0.913626
9.470703;0.814644
9.472656;0.683185
9.474609;0.524490
9.476562;0.344884
9.478516;0.151530
9.480469;-0.047866
9.482422;-0.245354
9.484375;-0.433060
9.486328;-0.603501
9.488281;-0.749883
9.490234;-0.866369
9.492188;-0.948315
9.494141;-0.992456
9.496094;-0.997030
9.498047;-0.961856
9.500000;-0.888336
9.501953;-0.779400
9.503906;-0.639393
9.505859;-0.473894
9.507812;-0.289504
9.509766;-0.093571
9.511719;0.106092
9.513672;0.301525
9.515625;0.484938
9.517578;0.649017
9.519531;0.787223
9.521484;0.894044
9.523438;0.965222
9.525391;0.997920
9.527344;0.990835
9.529297;0.944247
9.531250;0.860016
9.533203;0.741498
9.535156;0.593420
9.537109;0.421683
9.539062;0.233135
9.541016;0.035293
9.542969;-0.163956
9.544922;-0.356668
9.546875;-0.535162
9.548828;-0.692320
9.550781;-0.821878
9.552734;-0.918670
9.554688;-0.978837
9.556641;-0.999981
9.558594;-0.981260
9.560547;-0.923418
9.562500;-0.828763
9.564453;-0.701067
9.566406;-0.545423
9.568359;-0.368034
9.570312;-0.175972
9.572266;0.023105
9.574219;0.221260
9.576172;0.410595
9.578125;0.583561
9.580078;0.733262
9.582031;0.853730
9.583984;0.940162
9.585938;0.989114
9.587891;0.998632
9.589844;0.968338
9.591797;0.899440
9.593750;0.794683
9.595703;0.658246
9.597656;0.495566
9.599609;0.313129
9.601562;0.118209
9.603516;-0.081424
9.605469;-0.277810
9.607422;-0.463122
9.609375;-0.629970
9.611328;-0.771703
9.613281;-0.882670
9.615234;-0.958449
9.617188;-0.996017
9.619141;-0.993877
9.621094;-0.952114
9.623047;-0.872394
9.625000;-0.757894
9.626953;-0.613179
9.628906;-0.444018
9.630859;-0.257156
9.632812;-0.060042
9.634766;0.139465
9.636719;0.333413
9.638672;0.514069
9.640625;0.674230
9.642578;0.807512
9.644531;0.908601
9.646484;0.973467
9.648438;0.999523
9.650391;0.985732
9.652344;0.932643
9.654297;0.842373
9.656250;0.718519
9.658203;0.566021
9.660156;0.390957
9.662109;0.200307
9.664062;0.001671
9.666016;-0.197031
9.667969;-0.387879
9.669922;-0.563262
9.671875;-0.716191
9.673828;-0.840567
9.675781;-0.931432
9.677734;-0.985164
9.679688;-0.999621
9.681641;-0.974226
9.683594;-0.909992
9.685547;-0.809479
9.687500;-0.676695
9.689453;-0.516933
9.691406;-0.336562
9.693359;-0.142774
9.695312;0.056706
9.697266;0.253925
9.699219;0.441021
9.701172;0.610535
9.703125;0.755709
9.705078;0.870755
9.707031;0.951087
9.708984;0.993502
9.710938;0.996309
9.712891;0.959397
9.714844;0.884236
9.716797;0.773824
9.718750;0.632562
9.720703;0.466081
9.722656;0.281020
9.724609;0.084755
9.726562;-0.114889
9.728516;-0.309953
9.730469;-0.492660
9.732422;-0.655726
9.734375;-0.792650
9.736328;-0.897974
9.738281;-0.967498
9.740234;-0.998452
9.742188;-0.989600
9.744141;-0.941296
9.746094;-0.855465
9.748047;-0.735530
9.750000;-0.586272
9.751953;-0.413640
9.753906;-0.224519
9.755859;-0.026446
9.757812;0.172681
9.759766;0.364924
9.761719;0.542618
9.763672;0.698680
9.765625;0.826888
9.767578;0.922130
9.769531;0.980610
9.771484;0.999996
9.773438;0.979516
9.775391;0.919985
9.777344;0.823777
9.779297;0.694728
9.781250;0.537982
9.783203;0.359789
9.785156;0.167252
9.787109;-0.031953
9.789062;-0.229884
9.791016;-0.418650
9.792969;-0.590726
9.794922;-0.739252
9.796875;-0.858306
9.798828;-0.943142
9.800781;-0.990377
9.802734;-0.998130
9.804688;-0.966091
9.806641;-0.895536
9.808594;-0.789279
9.810547;-0.651556
9.812500;-0.487858
9.814453;-0.304710
9.816406;-0.109415
9.818359;0.090243
9.820312;0.286303
9.822266;0.470949
9.824219;0.636819
9.826172;0.777302
9.828125;0.886796
9.830078;0.960936
9.832031;0.996767
9.833984;0.992860
9.835938;0.949371
9.837891;0.868033
9.839844;0.752090
9.841797;0.606163
9.843750;0.436070
9.845703;0.248592
9.847656;0.051204
9.849609;-0.148225
9.851562;-0.341745
9.853516;-0.521641
9.855469;-0.680741
9.857422;-0.812701
9.859375;-0.912262
9.861328;-0.975454
9.863281;-0.999758
9.865234;-0.984204
9.867188;-0.929413
9.869141;-0.837570
9.871094;-0.712335
9.873047;-0.558702
9.875000;-0.382795
9.876953;-0.191627
9.878906;0.007181
9.880859;0.205702
9.882812;0.396022
9.884766;0.570554
9.886719;0.722340
9.888672;0.845329
9.890625;0.934617
9.892578;0.986645
9.894531;0.999338
9.896484;0.972191
9.898438;0.906286
9.900391;0.804250
9.902344;0.670151
9.904297;0.509335
9.906250;0.328214
9.908203;0.134008
9.910156;-0.065541
9.912109;-0.262477
9.914062;-0.448948
9.916016;-0.617522
9.917969;-0.761477
9.919922;-0.875074
9.921875;-0.953784
9.923828;-0.994471
9.925781;-0.995511
9.927734;-0.956863
9.929688;-0.880068
9.931641;-0.768187
9.933594;-0.625681
9.935547;-0.458232
9.937500;-0.272514
9.939453;-0.075931
9.941406;0.123678
9.943359;0.318357
9.945312;0.500343
9.947266;0.662383
9.949219;0.798016
9.951172;0.901834
9.953125;0.969699
9.955078;0.998905
9.957031;0.988288
9.958984;0.938271
9.960938;0.850848
9.962891;0.729504
9.964844;0.579078
9.966797;0.405565
9.968750;0.215884
9.970703;0.017596
9.972656;-0.181393
9.974609;-0.373151
9.976562;-0.550032
9.978516;-0.704986
9.980469;-0.831833
9.982422;-0.925519
9.984375;-0.982306
9.986328;-0.999933
9.988281;-0.977695
9.990234;-0.916479
9.992188;-0.818727
9.994141;-0.688334
9.996094;-0.530500
9.998047;-0.351516
10.000000;-0.158518
10.001953;0.040799
10.003906;0.238490
10.005859;0.426672
10.007812;0.597845
10.009766;0.745184
10.011719;0.862814
10.013672;0.946047
10.015625;0.991564
10.017578;0.997550
10.019531;0.963767
10.021484;0.891562
10.023438;0.783813
10.025391;0.644816
10.027344;0.480112
10.029297;0.296268
10.031250;0.100612
10.033203;-0.099055
10.035156;-0.294773
10.037109;-0.478739
10.039062;-0.643619
10.041016;-0.782840
10.042969;-0.890852
10.044922;-0.963349
10.046875;-0.997439
10.048828;-0.991765
10.050781;-0.946553
10.052734;-0.863604
10.054688;-0.746226
10.056641;-0.599099
10.058594;-0.428087
10.060547;-0.240009
10.062500;-0.042362
10.064453;0.156973
10.066406;0.350050
10.068359;0.529172
10.070312;0.687198
10.072266;0.817827
10.074219;0.915852
10.076172;0.977365
10.078125;0.999913
10.080078;0.982598
10.082031;0.926110
10.083984;0.832701
10.085938;0.706095
10.087891;0.551338
10.089844;0.374602
10.091797;0.182932
10.093750;-0.016032
10.095703;-0.214356
10.097656;-0.404134
10.099609;-0.577801
10.101562;-0.728433
10.103516;-0.850025
10.105469;-0.937729
10.107422;-0.988048
10.109375;-0.998977
10.111328;-0.970080
10.113281;-0.902509
10.115234;-0.798958
10.117188;-0.663555
10.119141;-0.501698
10.121094;-0.319840
10.123047;-0.125231
10.125000;0.074371
10.126953;0.271008
10.128906;0.456840
10.130859;0.624460
10.132812;0.767184
10.134766;0.879323
10.136719;0.956407
10.138672;0.995361
10.140625;0.994634
10.142578;0.954253
10.144531;0.875830
10.146484;0.762490
10.148438;0.618752
10.150391;0.450346
10.152344;0.263986
10.154297;0.067102
10.156250;-0.132457
10.158203;-0.326735
10.160156;-0.507988
10.162109;-0.668989
10.164062;-0.803319
10.166016;-0.905623
10.167969;-0.971823
10.169922;-0.999280
10.171875;-0.986898
10.173828;-0.935172
10.175781;-0.846164
10.177734;-0.723422
10.179688;-0.571839
10.181641;-0.397458
10.183594;-0.207233
10.185547;-0.008745
10.187500;0.190091
10.189453;0.381348
10.191406;0.557403
10.193359;0.711236
10.195312;0.836714
10.197266;0.928834
10.199219;0.983926
10.201172;0.999791
10.203125;0.975797
10.205078;0.912902
10.207031;0.813612
10.208984;0.681886
10.210938;0.522975
10.212891;0.343215
10.214844;0.149772
10.216797;-0.049642
10.218750;-0.247076
10.220703;-0.434661
10.222656;-0.604917
10.224609;-0.751057
10.226562;-0.867255
10.228516;-0.948878
10.230469;-0.992672
10.232422;-0.996892
10.234375;-0.961368
10.236328;-0.887518
10.238281;-0.778286
10.240234;-0.638025
10.242188;-0.472329
10.244141;-0.287802
10.246094;-0.091801
10.248047;0.107859
10.250000;0.303219
10.251953;0.486491
10.253906;0.650368
10.255859;0.788317
10.257812;0.894839
10.259766;0.965685
10.261719;0.998033
10.263672;0.990593
10.265625;0.943661
10.267578;0.859107
10.269531;0.740305
10.271484;0.591988
10.273438;0.420071
10.275391;0.231407
10.277344;0.033517
10.279297;-0.165709
10.281250;-0.358328
10.283203;-0.536662
10.285156;-0.693602
10.287109;-0.822889
10.289062;-0.919370
10.291016;-0.979199
10.292969;-0.999991
10.294922;-0.980916
10.296875;-0.922734
10.298828;-0.827767
10.300781;-0.699799
10.302734;-0.543932
10.304688;-0.366380
10.306641;-0.174222
10.308594;0.024882
10.310547;0.222993
10.312500;0.412215
10.314453;0.585003
10.316406;0.734469
10.318359;0.854654
10.320312;0.940767
10.322266;0.989374
10.324219;0.998538
10.326172;0.967893
10.328125;0.898661
10.330078;0.793603
10.332031;0.656907
10.333984;0.494021
10.335938;0.311440
10.337891;0.116444
10.339844;-0.083195
10.341797;-0.279517
10.343750;-0.464696
10.345703;-0.631349
10.347656;-0.772832
10.349609;-0.883504
10.351562;-0.958954
10.353516;-0.996174
10.355469;-0.993679
10.357422;-0.951569
10.359375;-0.871524
10.361328;-0.756733
10.363281;-0.611774
10.365234;-0.442425
10.367188;-0.255438
10.369141;-0.058268
10.371094;0.141225
10.373047;0.335088
10.375000;0.515592
10.376953;0.675542
10.378906;0.808559
10.380859;0.909342
10.382812;0.973872
10.384766;0.999577
10.386719;0.985432
10.388672;0.932001
10.390625;0.841414
10.392578;0.717282
10.394531;0.564555
10.396484;0.389320
10.398438;0.198565
10.400391;-0.000106
10.402344;-0.198774
10.404297;-0.389516
10.406250;-0.564730
10.408203;-0.717430
10.410156;-0.841528
10.412109;-0.932078
10.414062;-0.985468
10.416016;-0.999570
10.417969;-0.973823
10.419922;-0.909253
10.421875;-0.808434
10.423828;-0.675385
10.425781;-0.515410
10.427734;-0.334888
10.429688;-0.141015
10.431641;0.058480
10.433594;0.255644
10.435547;0.442616
10.437500;0.611942
10.439453;0.756872
10.441406;0.871628
10.443359;0.951635
10.445312;0.993703
10.447266;0.996155
10.449219;0.958894
10.451172;0.883405
10.453125;0.772697
10.455078;0.631184
10.457031;0.464508
10.458984;0.279313
10.460938;0.082983
10.462891;-0.116655
10.464844;-0.311642
10.466797;-0.494206
10.468750;-0.657067
10.470703;-0.793733
10.472656;-0.898755
10.474609;-0.967946
10.476562;-0.998549
10.478516;-0.989343
10.480469;-0.940694
10.482422;-0.854544
10.484375;-0.734325
10.486328;-0.584831
10.488281;-0.412022
10.490234;-0.222786
10.492188;-0.024669
10.494141;0.174432
10.496094;0.366578
10.498047;0.544110
10.500000;0.699951
10.501953;0.827886
10.503906;0.922816
10.505859;0.980957
10.507812;0.999990
10.509766;0.979156
10.511719;0.919287
10.513672;0.822768
10.515625;0.693448
10.517578;0.536483
10.519531;0.358130
10.521484;0.165499
10.523438;-0.033729
10.525391;-0.231613
10.527344;-0.420264
10.529297;-0.592159
10.531250;-0.740447
10.533203;-0.859216
10.535156;-0.943731
10.537109;-0.990622
10.539062;-0.998020
10.541016;-0.965630
10.542969;-0.894744
10.544922;-0.788186
10.546875;-0.650207
10.548828;-0.486306
10.550781;-0.303017
10.552734;-0.107648
10.554688;0.092013
10.556641;0.288005
10.558594;0.472516
10.560547;0.638189
10.562500;0.778419
10.564453;0.887616
10.566406;0.961427
10.568359;0.996908
10.570312;0.992647
10.572266;0.948811
10.574219;0.867149
10.576172;0.750917
10.578125;0.604748
10.580078;0.434470
10.582031;0.246870
10.583984;0.049429
10.585938;-0.149983
10.587891;-0.343415
10.589844;-0.523157
10.591797;-0.682042
10.593750;-0.813736
10.595703;-0.912989
10.597656;-0.975844
10.599609;-0.999795
10.601562;-0.983888
10.603516;-0.928756
10.605469;-0.836597
10.607422;-0.711086
10.609375;-0.557227
10.611328;-0.381152
10.613281;-0.189882
10.615234;0.008958
10.617188;0.207441
10.619141;0.397654
10.621094;0.572013
10.623047;0.723568
10.625000;0.846277
10.626953;0.935248
10.628906;0.986933
10.630859;0.999272
10.632812;0.971773
10.634766;0.905533
10.636719;0.803192
10.638672;0.668831
10.640625;0.507805
10.642578;0.326534
10.644531;0.132246
10.646484;-0.067315
10.648438;-0.264191
10.650391;-0.450536
10.652344;-0.618919
10.654297;-0.762627
10.656250;-0.875933
10.658203;-0.954317
10.660156;-0.994656
10.662109;-0.995341
10.664062;-0.956345
10.666016;-0.879222
10.667969;-0.767048
10.669922;-0.624294
10.671875;-0.456651
10.673828;-0.270803
10.675781;-0.074159
10.677734;0.125442
10.679688;0.320041
10.681641;0.501882
10.683594;0.663714
10.685547;0.799086
10.687500;0.902601
10.689453;0.970132
10.691406;0.998987
10.693359;0.988015
10.695312;0.937655
10.697266;0.849913
10.699219;0.728288
10.701172;0.577628
10.703125;0.403940
10.705078;0.214148
10.707031;0.015819
10.708984;-0.183141
10.710938;-0.374799
10.712891;-0.551516
10.714844;-0.706245
10.716797;-0.832819
10.718750;-0.926190
10.720703;-0.982638
10.722656;-0.999910
10.724609;-0.977320
10.726562;-0.915767
10.728516;-0.817705
10.730469;-0.687044
10.732422;-0.528992
10.734375;-0.349851
10.736328;-0.156763
10.738281;0.042575
10.740234;0.240215
10.742188;0.428279
10.744141;0.599269
10.746094;0.746368
10.748047;0.863711
10.750000;0.946621
10.751953;0.991793
10.753906;0.997424
10.755859;0.963292
10.757812;0.890756
10.759766;0.782708
10.761719;0.643456
10.763672;0.478552
10.765625;0.294569
10.767578;0.098843
10.769531;-0.100823
10.771484;-0.296471
10.773438;-0.480299
10.775391;-0.644978
10.777344;-0.783945
10.779297;-0.891658
10.781250;-0.963824
10.783203;-0.997565
10.785156;-0.991536
10.787109;-0.945978
10.789062;-0.862707
10.791016;-0.745042
10.792969;-0.597675
10.794922;-0.426480
10.796875;-0.238283
10.798828;-0.040586
10.800781;0.158728
10.802734;0.351715
10.804688;0.530680
10.806641;0.688488
10.808594;0.818849
10.810547;0.916564
10.812500;0.977739
10.814453;0.999935
10.816406;0.982267
10.818359;0.925438
10.820312;0.831715
10.822266;0.704835
10.824219;0.549855
10.826172;0.372954
10.828125;0.181184
10.830078;-0.017809
10.832031;-0.216092
10.833984;-0.405760
10.835938;-0.579251
10.837891;-0.729650
10.839844;-0.850960
10.841797;-0.938344
10.843750;-0.988320
10.845703;-0.998895
10.847656;-0.969647
10.849609;-0.901742
10.851562;-0.797888
10.853516;-0.662224
10.855469;-0.500159
10.857422;-0.318155
10.859375;-0.123467
10.861328;0.076143
10.863281;0.272718
10.865234;0.458421
10.867188;0.625847
10.869141;0.768323
10.871094;0.880169
10.873047;0.956924
10.875000;0.995531
10.876953;0.994448
10.878906;0.953720
10.880859;0.874971
10.882812;0.761339
10.884766;0.617355
10.886719;0.448758
10.888672;0.262272
10.890625;0.065329
10.892578;-0.134218
10.894531;-0.328415
10.896484;-0.509518
10.898438;-0.670309
10.900391;-0.804376
10.902344;-0.906376
10.904297;-0.972241
10.906250;-0.999346
10.908203;-0.986610
10.910156;-0.934541
10.912109;-0.845215
10.914062;-0.722193
10.916016;-0.570380
10.917969;-0.395827
10.919922;-0.205494
10.921875;-0.006968
10.923828;0.191835
10.925781;0.382991
10.927734;0.558878
10.929688;0.712484
10.931641;0.837686
10.933594;0.929492
10.935547;0.984241
10.937500;0.999753
10.939453;0.975407
10.941406;0.912175
10.943359;0.812577
10.945312;0.680585
10.947266;0.521460
10.949219;0.341545
10.951172;0.148015
10.953125;-0.051417
10.955078;-0.248798
10.957031;-0.436261
10.958984;-0.606332
10.960938;-0.752230
10.962891;-0.868139
10.964844;-0.949437
10.966797;-0.992885
10.968750;-0.996750
10.970703;-0.960878
10.972656;-0.886698
10.974609;-0.777168
10.976562;-0.636655
10.978516;-0.470761
10.980469;-0.286099
10.982422;-0.090031
10.984375;0.109626
10.986328;0.304913
10.988281;0.488044
10.990234;0.651718
10.992188;0.789410
10.994141;0.895631
10.996094;0.966145
10.998047;0.998143
11.000000;0.990348
11.001953;0.943071
11.003906;0.858196
11.005859;0.739109
11.007812;0.590555
11.009766;0.418457
11.011719;0.229677
11.013672;0.031741
11.015625;-0.167461
11.017578;-0.359987
11.019531;-0.538161
11.021484;-0.694881
11.023438;-0.823898
11.025391;-0.920068
11.027344;-0.979558
11.029297;-0.999997
11.031250;-0.980568
11.033203;-0.922048
11.035156;-0.826768
11.037109;-0.698528
11.039062;-0.542440
11.041016;-0.364726
11.042969;-0.172472
11.044922;0.026658
11.046875;0.224726
11.048828;0.413834
11.050781;0.586444
11.052734;0.735674
11.054688;0.855576
11.056641;0.941368
11.058594;0.989631
11.060547;0.998440
11.062500;0.967445
11.064453;0.897880
11.066406;0.792521
11.068359;0.655565
11.070312;0.492475
11.072266;0.309751
11.074219;0.114678
11.076172;-0.084966
11.078125;-0.281224
11.080078;-0.466269
11.082031;-0.632726
11.083984;-0.773959
11.085938;-0.884336
11.087891;-0.959457
11.089844;-0.996328
11.091797;-0.993478
11.093750;-0.951021
11.095703;-0.870651
11.097656;-0.755570
11.099609;-0.610367
11.101562;-0.440830
11.103516;-0.253720
11.105469;-0.056494
11.107422;0.142985
11.109375;0.336762
11.111328;0.517115
11.113281;0.676851
11.115234;0.809604
11.117188;0.910080
11.119141;0.974274
11.121094;0.999627
11.123047;0.985128
11.125000;0.931355
11.126953;0.840452
11.128906;0.716042
11.130859;0.563087
11.132812;0.387683
11.134766;0.196823
11.136719;-0.001884
11.138672;-0.200515
11.140625;-0.391153
11.142578;-0.566196
11.144531;-0.718667
11.146484;-0.842487
11.148438;-0.932720
11.150391;-0.985768
11.152344;-0.999517
11.154297;-0.973418
11.156250;-0.908512
11.158203;-0.807386
11.160156;-0.674073
11.162109;-0.513886
11.164062;-0.333213
11.166016;-0.139255
11.167969;0.060255
11.169922;0.257362
11.171875;0.444209
11.173828;0.613347
11.175781;0.758033
11.177734;0.872498
11.179688;0.952179
11.181641;0.993901
11.183594;0.995998
11.185547;0.958388
11.187500;0.882571
11.189453;0.771567
11.191406;0.629804
11.193359;0.462933
11.195312;0.277606
11.197266;0.081212
11.199219;-0.118420
11.201172;-0.313331
11.203125;-0.495750
11.205078;-0.658406
11.207031;-0.794813
11.208984;-0.899533
11.210938;-0.968391
11.212891;-0.998643
11.214844;-0.989082
11.216797;-0.940090
11.218750;-0.853619
11.220703;-0.733117
11.222656;-0.583388
11.224609;-0.410401
11.226562;-0.221053
11.228516;-0.022892
11.230469;0.176182
11.232422;0.368231
11.234375;0.545601
11.236328;0.701219
11.238281;0.828882
11.240234;0.923500
11.242188;0.981301
11.244141;0.999980
11.246094;0.978794
11.248047;0.918586
11.250000;0.821757
11.251953;0.692167
11.253906;0.534982
11.255859;0.356470
11.257812;0.163746
11.259766;-0.035506
11.261719;-0.233342
11.263672;-0.421876
11.265625;-0.593591
11.267578;-0.741641
11.269531;-0.860124
11.271484;-0.944317
11.273438;-0.990863
11.275391;-0.997907
11.277344;-0.965167
11.279297;-0.893948
11.281250;-0.787091
11.283203;-0.648855
11.285156;-0.484752
11.287109;-0.301322
11.289062;-0.105880
11.291016;0.093783
11.292969;0.289707
11.294922;0.474082
11.296875;0.639556
11.298828;0.779534
11.300781;0.888433
11.302734;0.961914
11.304688;0.997047
11.306641;0.992430
11.308594;0.948248
11.310547;0.866262
11.312500;0.749742
11.314453;0.603331
11.316406;0.432868
11.318359;0.245148
11.320312;0.047654
11.322266;-0.151740
11.324219;-0.345084
11.326172;-0.524671
11.328125;-0.683340
11.330078;-0.814768
11.332031;-0.913713
11.333984;-0.976231
11.335938;-0.999829
11.337891;-0.983568
11.339844;-0.928095
11.341797;-0.835622
11.343750;-0.709835
11.345703;-0.555750
11.347656;-0.379508
11.349609;-0.188137
11.351562;0.010735
11.353516;0.209179
11.355469;0.399284
11.357422;0.573470
11.359375;0.724794
11.361328;0.847223
11.363281;0.935875
11.365234;0.987218
11.367188;0.999203
11.369141;0.971352
11.371094;0.904778
11.373047;0.802132
11.375000;0.667508
11.376953;0.506273
11.378906;0.324854
11.380859;0.130484
11.382812;-0.069088
11.384766;-0.265905
11.386719;-0.452122
11.388672;-0.620314
11.390625;-0.763776
11.392578;-0.876789
11.394531;-0.954847
11.396484;-0.994838
11.398438;-0.995168
11.400391;-0.955824
11.402344;-0.878374
11.404297;-0.765906
11.406250;-0.622904
11.408203;-0.455069
11.410156;-0.269092
11.412109;-0.072386
11.414062;0.127205
11.416016;0.321725
11.417969;0.503418
11.419922;0.665042
11.421875;0.800153
11.423828;0.903364
11.425781;0.970561
11.427734;0.999065
11.429688;0.987739
11.431641;0.937035
11.433594;0.848975
11.435547;0.727068
11.437500;0.576176
11.439453;0.402313
11.441406;0.212412
11.443359;0.014042
11.445312;-0.184888
11.447266;-0.376447
11.449219;-0.552998
11.451172;-0.707502
11.453125;-0.833801
11.455078;-0.926859
11.457031;-0.982966
11.458984;-0.999885
11.460938;-0.976942
11.462891;-0.915051
11.464844;-0.816680
11.466797;-0.685751
11.468750;-0.527483
11.470703;-0.348186
11.472656;-0.155007
11.474609;0.044351
11.476562;0.241940
11.478516;0.429885
11.480469;0.600691
11.482422;0.747550
11.484375;0.864606
11.486328;0.947193
11.488281;0.992018
11.490234;0.997295
11.492188;0.962813
11.494141;0.889946
11.496094;0.781601
11.498047;0.642095
11.500000;0.476991
11.501953;0.292870
11.503906;0.097074
11.505859;-0.102592
11.507812;-0.298168
11.509766;-0.481857
11.511719;-0.646336
11.513672;-0.785047
11.515625;-0.892462
11.517578;-0.964296
11.519531;-0.997687
11.521484;-0.991304
11.523438;-0.945400
11.525391;-0.861806
11.527344;-0.743855
11.529297;-0.596249
11.531250;-0.424872
11.533203;-0.236556
11.535156;-0.038810
11.537109;0.160483
11.539062;0.353378
11.541016;0.532185
11.542969;0.689776
11.544922;0.819868
11.546875;0.917274
11.548828;0.978111
11.550781;0.999954
11.552734;0.981932
11.554688;0.924763
11.556641;0.830727
11.558594;0.703573
11.560547;0.548369
11.562500;0.371304
11.564453;0.179436
11.566406;-0.019586
11.568359;-0.217827
11.570312;-0.407384
11.572266;-0.580699
11.574219;-0.730864
11.576172;-0.851892
11.578125;-0.938957
11.580078;-0.988590
11.582031;-0.998810
11.583984;-0.969211
11.585938;-0.900972
11.587891;-0.796815
11.589844;-0.660891
11.591797;-0.498619
11.593750;-0.316469
11.595703;-0.121703
11.597656;0.077916
11.599609;0.274428
11.601562;0.460000
11.603516;0.627232
11.605469;0.769460
11.607422;0.881011
11.609375;0.957439
11.611328;0.995697
11.613281;0.994260
11.615234;0.953184
11.617188;0.874109
11.619141;0.760185
11.621094;0.615955
11.623047;0.447169
11.625000;0.260556
11.626953;0.063555
11.628906;-0.135979
11.630859;-0.330093
11.632812;-0.511047
11.634766;-0.671627
11.636719;-0.805431
11.638672;-0.907125
11.640625;-0.972655
11.642578;-0.999409
11.644531;-0.986319
11.646484;-0.933907
11.648438;-0.844264
11.650391;-0.720963
11.652344;-0.568919
11.654297;-0.394194
11.656250;-0.203754
11.658203;-0.005191
11.660156;0.193580
11.662109;0.384632
11.664062;0.560351
11.666016;0.713730
11.667969;0.838655
11.669922;0.930146
11.671875;0.984554
11.673828;0.999712
11.675781;0.975014
11.677734;0.911445
11.679688;0.811540
11.681641;0.679282
11.683594;0.519942
11.685547;0.339874
11.687500;0.146257
11.689453;-0.053192
11.691406;-0.250519
11.693359;-0.437860
11.695312;-0.607744
11.697266;-0.753400
11.699219;-0.869019
11.701172;-0.949994
11.703125;-0.993096
11.705078;-0.996605
11.707031;-0.960384
11.708984;-0.885875
11.710938;-0.776048
11.712891;-0.635284
11.714844;-0.469192
11.716797;-0.284395
11.718750;-0.088261
11.720703;0.111393
11.722656;0.306605
11.724609;0.489594
11.726562;0.653065
11.728516;0.790500
11.730469;0.896420
11.732422;0.966603
11.734375;0.998250
11.736328;0.990100
11.738281;0.942478
11.740234;0.857283
11.742188;0.737910
11.744141;0.589119
11.746094;0.416842
11.748047;0.227947
11.750000;0.029964
11.751953;-0.169214
11.753906;-0.361645
11.755859;-0.539659
11.757812;-0.696158
11.759766;-0.824904
11.761719;-0.920763
11.763672;-0.979914
11.765625;-1.000000
11.767578;-0.980218
11.769531;-0.921359
11.771484;-0.825767
11.773438;-0.697255
11.775391;-0.540946
11.777344;-0.363070
11.779297;-0.170721
11.781250;0.028435
11.783203;0.226457
11.785156;0.415451
11.787109;0.587883
11.789062;0.736877
11.791016;0.856494
11.792969;0.941966
11.794922;0.989884
11.796875;0.998339
11.798828;0.966993
11.800781;0.897097
11.802734;0.791435
11.804688;0.654222
11.806641;0.490927
11.808594;0.308060
11.810547;0.112912
11.812500;-0.086737
11.814453;-0.282929
11.816406;-0.467841
11.818359;-0.634102
11.820312;-0.775083
11.822266;-0.885164
11.824219;-0.959956
11.826172;-0.996478
11.828125;-0.993274
11.830078;-0.950471
11.832031;-0.869775
11.833984;-0.754404
11.835938;-0.608958
11.837891;-0.439234
11.839844;-0.252000
11.841797;-0.054719
11.843750;0.144744
11.845703;0.338436
11.847656;0.518635
11.849609;0.678158
11.851562;0.810646
11.853516;0.910815
11.855469;0.974673
11.857422;0.999674
11.859375;0.984821
11.861328;0.930706
11.863281;0.839487
11.865234;0.714801
11.867188;0.561617
11.869141;0.386044
11.871094;0.195080
11.873047;-0.003661
11.875000;-0.202256
11.876953;-0.392788
11.878906;-0.567660
11.880859;-0.719902
11.882812;-0.843444
11.884766;-0.933360
11.886719;-0.986065
11.888672;-0.999460
11.890625;-0.973009
11.892578;-0.907768
11.894531;-0.806336
11.896484;-0.672759
11.898438;-0.512361
11.900391;-0.331536
11.902344;-0.137494
11.904297;0.062029
11.906250;0.259079
11.908203;0.445801
11.910156;0.614750
11.912109;0.759191
11.914062;0.873365
11.916016;0.952721
11.917969;0.994095
11.919922;0.995838
11.921875;0.957879
11.923828;0.881733
11.925781;0.770436
11.927734;0.628423
11.929688;0.461357
11.931641;0.275898
11.933594;0.079440
11.935547;-0.120185
11.937500;-0.315018
11.939453;-0.497293
11.941406;-0.659742
11.943359;-0.795890
11.945312;-0.900308
11.947266;-0.968833
11.949219;-0.998734
11.951172;-0.988819
11.953125;-0.939483
11.955078;-0.852692
11.957031;-0.731907
11.958984;-0.581944
11.960938;-0.408780
11.962891;-0.219319
11.964844;-0.021115
11.966797;0.177931
11.968750;0.369883
11.970703;0.547090
11.972656;0.702485
11.974609;0.829875
11.976562;0.924180
11.978516;0.981641
11.980469;0.999967
11.982422;0.978428
11.984375;0.917882
11.986328;0.820742
11.988281;0.690883
11.990234;0.533480
11.992188;0.354809
11.994141;0.161992
11.996094;-0.037282
11.998047;-0.235070
12.000000;-0.423487
12.001953;-0.595020
12.003906;-0.742832
12.005859;-0.861030
12.007812;-0.944901
12.009766;-0.991101
12.011719;-0.997790
12.013672;-0.964700
12.015625;-0.893150
12.017578;-0.785994
12.019531;-0.647502
12.021484;-0.483196
12.023438;-0.299627
12.025391;-0.104113
12.027344;0.095552
12.029297;0.291408
12.031250;0.475646
12.033203;0.640921
12.035156;0.780646
12.037109;0.889248
12.039062;0.962399
12.041016;0.997181
12.042969;0.992210
12.044922;0.947682
12.046875;0.865373
12.048828;0.748564
12.050781;0.601913
12.052734;0.431265
12.054688;0.243424
12.056641;0.045878
12.058594;-0.153496
12.060547;-0.346752
12.062500;-0.526183
12.064453;-0.684637
12.066406;-0.815797
12.068359;-0.914433
12.070312;-0.976614
12.072266;-0.999861
12.074219;-0.983246
12.076172;-0.927432
12.078125;-0.834645
12.080078;-0.708582
12.082031;-0.554271
12.083984;-0.377863
12.085938;-0.186391
12.087891;0.012513
12.089844;0.210917
12.091797;0.400913
12.093750;0.574925
12.095703;0.726018
12.097656;0.848166
12.099609;0.936500
12.101562;0.987499
12.103516;0.999130
12.105469;0.970928
12.107422;0.904019
12.109375;0.801069
12.111328;0.666184
12.113281;0.504739
12.115234;0.323172
12.117188;0.128722
12.119141;-0.070861
12.121094;-0.267618
12.123047;-0.453707
12.125000;-0.621707
12.126953;-0.764922
12.128906;-0.877642
12.130859;-0.955373
12.132812;-0.995017
12.134766;-0.994992
12.136719;-0.955300
12.138672;-0.877523
12.140625;-0.764762
12.142578;-0.621513
12.144531;-0.453486
12.146484;-0.267379
12.148438;-0.070613
12.150391;0.128968
12.152344;0.323407
12.154297;0.504953
12.156250;0.666369
12.158203;0.801218
12.160156;0.904125
12.162109;0.970988
12.164062;0.999140
12.166016;0.987460
12.167969;0.936413
12.169922;0.848034
12.171875;0.725847
12.173828;0.574722
12.175781;0.400685
12.177734;0.210674
12.179688;0.012265
12.181641;-0.186634
12.183594;-0.378093
12.185547;-0.554478
12.187500;-0.708757
12.189453;-0.834781
12.191406;-0.927525
12.193359;-0.983291
12.195312;-0.999857
12.197266;-0.976561
12.199219;-0.914333
12.201172;-0.815653
12.203125;-0.684456
12.205078;-0.525972
12.207031;-0.346519
12.208984;-0.153251
12.210938;0.046126
12.212891;0.243665
12.214844;0.431489
12.216797;0.602111
12.218750;0.748729
12.220703;0.865497
12.222656;0.947761
12.224609;0.992241
12.226562;0.997163
12.228516;0.962331
12.230469;0.889134
12.232422;0.780491
12.234375;0.640731
12.236328;0.475428
12.238281;0.291170
12.240234;0.095305
12.242188;-0.104360
12.244141;-0.299864
12.246094;-0.483413
12.248047;-0.647691
12.250000;-0.786147
12.251953;-0.893262
12.253906;-0.964765
12.255859;-0.997806
12.257812;-0.991068
12.259766;-0.944819
12.261719;-0.860903
12.263672;-0.742666
12.265625;-0.594821
12.267578;-0.423262
12.269531;-0.234829
12.271484;-0.037034
12.273438;0.162237
12.275391;0.355040
12.277344;0.533689
12.279297;0.691062
12.281250;0.820884
12.283203;0.917980
12.285156;0.978479
12.287109;0.999969
12.289062;0.981594
12.291016;0.924085
12.292969;0.829736
12.294922;0.702309
12.296875;0.546882
12.298828;0.369653
12.300781;0.177687
12.302734;-0.021363
12.304688;-0.219561
12.306641;-0.409006
12.308594;-0.582145
12.310547;-0.732076
12.312500;-0.852821
12.314453;-0.939567
12.316406;-0.988856
12.318359;-0.998722
12.320312;-0.968772
12.322266;-0.900200
12.324219;-0.795740
12.326172;-0.659556
12.328125;-0.497078
12.330078;-0.314783
12.332031;-0.119938
12.333984;0.079687
12.335938;0.276137
12.337891;0.461577
12.339844;0.628616
12.341797;0.770594
12.343750;0.881850
12.345703;0.957950
12.347656;0.995860
12.349609;0.994068
12.351562;0.952646
12.353516;0.873244
12.355469;0.759029
12.357422;0.614554
12.359375;0.445579
12.361328;0.258839
12.363281;0.061781
12.365234;-0.137740
12.367188;-0.331770
12.369141;-0.512574
12.371094;-0.672942
12.373047;-0.806483
12.375000;-0.907872
12.376953;-0.973067
12.378906;-0.999468
12.380859;-0.986024
12.382812;-0.933270
12.384766;-0.843310
12.386719;-0.719730
12.388672;-0.567456
12.390625;-0.392560
12.392578;-0.202013
12.394531;-0.003413
12.396484;0.195323
12.398438;0.386272
12.400391;0.561822
12.402344;0.714974
12.404297;0.839622
12.406250;0.930797
12.408203;0.984864
12.410156;0.999667
12.412109;0.974617
12.414062;0.910712
12.416016;0.810500
12.417969;0.677976
12.419922;0.518423
12.421875;0.338202
12.423828;0.144498
12.425781;-0.054967
12.427734;-0.252240
12.429688;-0.439457
12.431641;-0.609155
12.433594;-0.754567
12.435547;-0.869897
12.437500;-0.950548
12.439453;-0.993302
12.441406;-0.996457
12.443359;-0.959887
12.445312;-0.885049
12.447266;-0.774926
12.449219;-0.633910
12.451172;-0.467622
12.453125;-0.282691
12.455078;-0.086490
12.457031;0.113159
12.458984;0.308296
12.460938;0.491143
12.462891;0.654410
12.464844;0.791587
12.466797;0.897206
12.468750;0.967056
12.470703;0.998353
12.472656;0.989849
12.474609;0.941883
12.476562;0.856366
12.478516;0.736709
12.480469;0.587682
12.482422;0.415226
12.484375;0.226216
12.486328;0.028187
12.488281;-0.170965
12.490234;-0.363301
12.492188;-0.541154
12.494141;-0.697433
12.496094;-0.825907
12.498047;-0.921455
12.500000;-0.980267
12.501953;-0.999999
12.503906;-0.979865
12.505859;-0.920666
12.507812;-0.824763
12.509766;-0.695980
12.511719;-0.539450
12.513672;-0.361414
12.515625;-0.168969
12.517578;0.030212
12.519531;0.228188
12.521484;0.417068
12.523438;0.589320
12.525391;0.738077
12.527344;0.857410
12.529297;0.942561
12.531250;0.990135
12.533203;0.998235
12.535156;0.966539
12.537109;0.896310
12.539062;0.790348
12.541016;0.652877
12.542969;0.489378
12.544922;0.306369
12.546875;0.111146
12.548828;-0.088508
12.550781;-0.284633
12.552734;-0.469411
12.554688;-0.635475
12.556641;-0.776205
12.558594;-0.885990
12.560547;-0.960453
12.562500;-0.996626
12.564453;-0.993066
12.566406;-0.949917
12.568359;-0.868897
12.570312;-0.753236
12.572266;-0.607547
12.574219;-0.437637
12.576172;-0.250279
12.578125;-0.052944
12.580078;0.146502
12.582031;0.340108
12.583984;0.520154
12.585938;0.679464
12.587891;0.811685
12.589844;0.911547
12.591797;0.975069
12.593750;0.999718
12.595703;0.984511
12.597656;0.930055
12.599609;0.838520
12.601562;0.713556
12.603516;0.560145
12.605469;0.384403
12.607422;0.193336
12.609375;-0.005439
12.611328;-0.203997
12.613281;-0.394422
12.615234;-0.569123
12.617188;-0.721135
12.619141;-0.844397
12.621094;-0.933996
12.623047;-0.986360
12.625000;-0.999400
12.626953;-0.972598
12.628906;-0.907021
12.630859;-0.805284
12.632812;-0.671443
12.634766;-0.510833
12.636719;-0.329859
12.638672;-0.135734
12.640625;0.063803
12.642578;0.260795
12.644531;0.447391
12.646484;0.616151
12.648438;0.760346
12.650391;0.874229
12.652344;0.953259
12.654297;0.994286
12.656250;0.995674
12.658203;0.957367
12.660156;0.880893
12.662109;0.769301
12.664062;0.627039
12.666016;0.459779
12.667969;0.274189
12.669922;0.077668
12.671875;-0.121949
12.673828;-0.316705
12.675781;-0.498834
12.677734;-0.661077
12.679688;-0.796965
12.681641;-0.901080
12.683594;-0.969272
12.685547;-0.998822
12.687500;-0.988552
12.689453;-0.938872
12.691406;-0.851762
12.693359;-0.730695
12.695312;-0.580497
12.697266;-0.407157
12.699219;-0.217585
12.701172;-0.019338
12.703125;0.179680
12.705078;0.371534
12.707031;0.548577
12.708984;0.703749
12.710938;0.830865
12.712891;0.924858
12.714844;0.981979
12.716797;0.999951
12.718750;0.978059
12.720703;0.917175
12.722656;0.819726
12.724609;0.689597
12.726562;0.531975
12.728516;0.353146
12.730469;0.160238
12.732422;-0.039058
12.734375;-0.236797
12.736328;-0.425096
12.738281;-0.596448
12.740234;-0.744021
12.742188;-0.861932
12.744141;-0.945481
12.746094;-0.991336
12.748047;-0.997670
12.750000;-0.964230
12.751953;-0.892350
12.753906;-0.784894
12.755859;-0.646146
12.757812;-0.481639
12.759766;-0.297931
12.761719;-0.102345
12.763672;0.097321
12.765625;0.293108
12.767578;0.477209
12.769531;0.642285
12.771484;0.781755
12.773438;0.890059
12.775391;0.962880
12.777344;0.997313
12.779297;0.991987
12.781250;0.947113
12.783203;0.864481
12.785156;0.747385
12.787109;0.600493
12.789062;0.429661
12.791016;0.241700
12.792969;0.044103
12.794922;-0.155252
12.796875;-0.348418
12.798828;-0.527694
12.800781;-0.685931
12.802734;-0.816823
12.804688;-0.915151
12.806641;-0.976995
12.808594;-0.999889
12.810547;-0.982920
12.812500;-0.926766
12.814453;-0.833664
12.816406;-0.707327
12.818359;-0.552791
12.820312;-0.376217
12.822266;-0.184644
12.824219;0.014290
12.826172;0.212654
12.828125;0.402540
12.830078;0.576379
12.832031;0.727239
12.833984;0.849106
12.835938;0.937122
12.837891;0.987778
12.839844;0.999054
12.841797;0.970501
12.843750;0.903258
12.845703;0.800004
12.847656;0.664857
12.849609;0.503204
12.851562;0.321490
12.853516;0.126959
12.855469;-0.072634
12.857422;-0.269331
12.859375;-0.455290
12.861328;-0.623098
12.863281;-0.766066
12.865234;-0.878493
12.867188;-0.955897
12.869141;-0.995192
12.871094;-0.994813
12.873047;-0.954773
12.875000;-0.876669
12.876953;-0.763616
12.878906;-0.620119
12.880859;-0.451901
12.882812;-0.265666
12.884766;-0.068840
12.886719;0.130730
12.888672;0.325088
12.890625;0.506487
12.892578;0.667693
12.894531;0.802280
12.896484;0.904883
12.898438;0.971411
12.900391;0.999212
12.902344;0.987178
12.904297;0.935788
12.906250;0.847091
12.908203;0.724623
12.910156;0.573267
12.912109;0.399056
12.914062;0.208937
12.916016;0.010487
12.917969;-0.188380
12.919922;-0.379738
12.921875;-0.555956
12.923828;-0.710010
12.925781;-0.835758
12.927734;-0.928188
12.929688;-0.983613
12.931641;-0.999825
12.933594;-0.976177
12.935547;-0.913612
12.937500;-0.814624
12.939453;-0.683159
12.941406;-0.524459
12.943359;-0.344851
12.945312;-0.151495
12.947266;0.047902
12.949219;0.245388
12.951172;0.433092
12.953125;0.603529
12.955078;0.749906
12.957031;0.866386
12.958984;0.948327
12.960938;0.992460
12.962891;0.997027
12.964844;0.961846
12.966797;0.888319
12.968750;0.779378
12.970703;0.639365
12.972656;0.473863
12.974609;0.289470
12.976562;0.093536
12.978516;-0.106127
12.980469;-0.301559
12.982422;-0.484969
12.984375;-0.649044
12.986328;-0.787244
12.988281;-0.894060
12.990234;-0.965231
12.992188;-0.997923
12.994141;-0.990830
12.996094;-0.944236
12.998047;-0.859998
13.000000;-0.741475
13.001953;-0.593391
13.003906;-0.421651
13.005859;-0.233101
13.007812;-0.035258
13.009766;0.163991
13.011719;0.356701
13.013672;0.535192
13.015625;0.692346
13.017578;0.821898
13.019531;0.980523
13.021484;0.984254
13.023438;0.987593
13.025391;0.990536
13.027344;0.993082
13.029297;0.995232
13.031250;0.996984
13.033203;0.998336
13.035156;0.999290
13.037109;0.999844
13.039062;0.999997
13.041016;0.999751
13.042969;0.999105
13.044922;0.998059
13.046875;0.996615
13.048828;0.994771
13.050781;0.992530
13.052734;0.989891
13.054688;0.986857
13.056641;0.983428
13.058594;0.979605
13.060547;0.975391
13.062500;0.970786
13.064453;0.965794
13.066406;0.960415
13.068359;0.954652
13.070312;0.948506
13.072266;0.941982
13.074219;0.935081
13.076172;0.927806
13.078125;0.920159
13.080078;0.912145
13.082031;0.903766
13.083984;0.895025
13.085938;0.885926
13.087891;0.876473
13.089844;0.866669
13.091797;0.856519
13.093750;0.846026
13.095703;0.835195
13.097656;0.824030
13.099609;0.812535
13.101562;0.800715
13.103516;0.788574
13.105469;0.776119
13.107422;0.763353
13.109375;0.750281
13.111328;0.736910
13.113281;0.723243
13.115234;0.709288
13.117188;0.695048
13.119141;0.680531
13.121094;0.665742
13.123047;0.650686
13.125000;0.635370
13.126953;0.619799
13.128906;0.603981
13.130859;0.587922
13.132812;0.571627
13.134766;0.555103
13.136719;0.538358
13.138672;0.521397
13.140625;0.504227
13.142578;0.486856
13.144531;0.469290
13.146484;0.451537
13.148438;0.433603
13.150391;0.415495
13.152344;0.397221
13.154297;0.378789
13.156250;0.360205
13.158203;0.341476
13.160156;0.322611
13.162109;0.303618
13.164062;0.284502
13.166016;0.265273
13.167969;0.245938
13.169922;0.226504
13.171875;0.206980
13.173828;0.187373
13.175781;0.167691
13.177734;0.147942
13.179688;0.128134
13.181641;0.108274
13.183594;0.088372
13.185547;0.068434
13.187500;0.048468
13.189453;0.028483
13.191406;0.008487
13.193359;-0.011513
13.195312;-0.031508
13.197266;-0.051490
13.199219;-0.071452
13.201172;-0.091385
13.203125;-0.111282
13.205078;-0.131134
13.207031;-0.150934
13.208984;-0.170673
13.210938;-0.190344
13.212891;-0.209939
13.214844;-0.229450
13.216797;-0.248870
13.218750;-0.268189
13.220703;-0.287402
13.222656;-0.306499
13.224609;-0.325474
13.226562;-0.344319
13.228516;-0.363026
13.230469;-0.381587
13.232422;-0.399996
13.234375;-0.418245
13.236328;-0.436327
13.238281;-0.454235
13.240234;-0.471960
13.242188;-0.489497
13.244141;-0.506838
13.246094;-0.523976
13.248047;-0.540905
13.250000;-0.557617
13.251953;-0.574107
13.253906;-0.590367
13.255859;-0.606390
13.257812;-0.622171
13.259766;-0.637703
13.261719;-0.652980
13.263672;-0.667996
13.265625;-0.682745
13.267578;-0.697221
13.269531;-0.711417
13.271484;-0.725329
13.273438;-0.738952
13.275391;-0.752278
13.277344;-0.765304
13.279297;-0.778023
13.281250;-0.790431
13.283203;-0.802523
13.285156;-0.814295
13.287109;-0.825740
13.289062;-0.836855
13.291016;-0.847636
13.292969;-0.858077
13.294922;-0.868175
13.296875;-0.877926
13.298828;-0.887326
13.300781;-0.896370
13.302734;-0.905057
13.304688;-0.913381
13.306641;-0.921340
13.308594;-0.928930
13.310547;-0.936149
13.312500;-0.942993
13.314453;-0.949461
13.316406;-0.955548
13.318359;-0.961253
13.320312;-0.966574
13.322266;-0.971508
13.324219;-0.976054
13.326172;-0.980209
13.328125;-0.983972
13.330078;-0.987341
13.332031;-0.990316
13.333984;-0.992894
13.335938;-0.995075
13.337891;-0.996859
13.339844;-0.998243
13.341797;-0.999228
13.343750;-0.999814
13.345703;-1.000000
13.347656;-0.999785
13.349609;-0.999171
13.351562;-0.998157
13.353516;-0.996744
13.355469;-0.994932
13.357422;-0.992723
13.359375;-0.990116
13.361328;-0.987113
13.363281;-0.983715
13.365234;-0.979924
13.367188;-0.975741
13.369141;-0.971167
13.371094;-0.966206
13.373047;-0.960857
13.375000;-0.955124
13.376953;-0.949010
13.378906;-0.942515
13.380859;-0.935644
13.382812;-0.928399
13.384766;-0.920782
13.386719;-0.912797
13.388672;-0.904446
13.390625;-0.895734
13.392578;-0.886664
13.394531;-0.877239
13.396484;-0.867463
13.398438;-0.857340
13.400391;-0.846874
13.402344;-0.836070
13.404297;-0.824931
13.406250;-0.813462
13.408203;-0.801668
13.410156;-0.789553
13.412109;-0.777122
13.414062;-0.764380
13.416016;-0.751333
13.417969;-0.737985
13.419922;-0.724342
13.421875;-0.710409
13.423828;-0.696193
13.425781;-0.681697
13.427734;-0.666929
13.429688;-0.651894
13.431641;-0.636599
13.433594;-0.621049
13.435547;-0.605250
13.437500;-0.589209
13.439453;-0.572933
13.441406;-0.556427
13.443359;-0.539699
13.445312;-0.522755
13.447266;-0.505602
13.449219;-0.488247
13.451172;-0.470696
13.453125;-0.452957
13.455078;-0.435037
13.457031;-0.416943
13.458984;-0.398683
13.460938;-0.380262
13.462891;-0.361690
13.464844;-0.342973
13.466797;-0.324119
13.468750;-0.305135
13.470703;-0.286029
13.472656;-0.266808
13.474609;-0.247481
13.476562;-0.228055
13.478516;-0.208538
13.480469;-0.188937
13.482422;-0.169261
13.484375;-0.149517
13.486328;-0.129713
13.488281;-0.109858
13.490234;-0.089958
13.492188;-0.070023
13.494141;-0.050059
13.496094;-0.030075
13.498047;-0.010080
13.500000;0.009920
13.501953;0.029916
13.503906;0.049899
13.505859;0.069863
13.507812;0.089799
13.509766;0.109699
13.511719;0.129555
13.513672;0.149359
13.515625;0.169104
13.517578;0.188780
13.519531;0.208382
13.521484;0.227900
13.523438;0.247327
13.525391;0.266654
13.527344;0.285876
13.529297;0.304983
13.531250;0.323967
13.533203;0.342823
13.535156;0.361541
13.537109;0.380115
13.539062;0.398536
13.541016;0.416798
13.542969;0.434894
13.544922;0.452815
13.546875;0.470555
13.548828;0.488108
13.550781;0.505464
13.552734;0.522619
13.554688;0.539565
13.556641;0.556295
13.558594;0.572802
13.560547;0.589080
13.562500;0.605123
13.564453;0.620923
13.566406;0.636476
13.568359;0.651773
13.570312;0.666810
13.572266;0.681580
13.574219;0.696078
13.576172;0.710297
13.578125;0.724232
13.580078;0.737877
13.582031;0.751228
13.583984;0.764277
13.585938;0.777021
13.587891;0.789455
13.589844;0.801572
13.591797;0.813369
13.593750;0.824841
13.595703;0.835982
13.597656;0.846789
13.599609;0.857258
13.601562;0.867383
13.603516;0.877162
13.605469;0.886590
13.607422;0.895663
13.609375;0.904378
13.611328;0.912731
13.613281;0.920719
13.615234;0.928339
13.617188;0.935588
13.619141;0.942462
13.621094;0.948959
13.623047;0.955077
13.625000;0.960813
13.626953;0.966164
13.628906;0.971129
13.630859;0.975706
13.632812;0.979892
13.634766;0.983686
13.636719;0.987087
13.638672;0.990093
13.640625;0.992703
13.642578;0.994916
13.644531;0.996731
13.646484;0.998148
13.648438;0.999165
13.650391;0.999782
13.652344;1.000000
13.654297;0.999817
13.656250;0.999235
13.658203;0.998253
13.660156;0.996871
13.662109;0.995091
13.664062;0.992913
13.666016;0.990338
13.667969;0.987366
13.669922;0.984000
13.671875;0.980240
13.673828;0.976088
13.675781;0.971546
13.677734;0.966615
13.679688;0.961297
13.681641;0.955595
13.683594;0.949511
13.685547;0.943047
13.687500;0.936205
13.689453;0.928989
13.691406;0.921402
13.693359;0.913446
13.695312;0.905125
13.697266;0.896441
13.699219;0.887399
13.701172;0.878002
13.703125;0.868254
13.705078;0.858159
13.707031;0.847720
13.708984;0.836942
13.710938;0.825830
13.712891;0.814387
13.714844;0.802619
13.716797;0.790529
13.718750;0.778123
13.720703;0.765406
13.722656;0.752383
13.724609;0.739059
13.726562;0.725439
13.728516;0.711529
13.730469;0.697335
13.732422;0.682862
13.734375;0.668115
13.736328;0.653101
13.738281;0.637826
13.740234;0.622296
13.742188;0.606517
13.744141;0.590495
13.746094;0.574238
13.748047;0.557750
13.750000;0.541039
13.751953;0.524112
13.753906;0.506976
13.755859;0.489636
13.757812;0.472101
13.759766;0.454377
13.761719;0.436471
13.763672;0.418391
13.765625;0.400143
13.767578;0.381735
13.769531;0.363174
13.771484;0.344468
13.773438;0.325625
13.775391;0.306651
13.777344;0.287555
13.779297;0.268343
13.781250;0.249024
13.783203;0.229606
13.785156;0.210095
13.787109;0.190501
13.789062;0.170831
13.791016;0.151092
13.792969;0.131292
13.794922;0.111441
13.796875;0.091544
13.798828;0.071611
13.800781;0.051650
13.802734;0.031667
13.804688;0.011672
13.806641;-0.008327
13.808594;-0.028324
13.810547;-0.048309
13.812500;-0.068274
13.814453;-0.088213
13.816406;-0.108116
13.818359;-0.127975
13.820312;-0.147784
13.822266;-0.167534
13.824219;-0.187216
13.826172;-0.206824
13.828125;-0.226349
13.830078;-0.245783
13.832031;-0.265119
13.833984;-0.284349
13.835938;-0.303465
13.837891;-0.322460
13.839844;-0.341326
13.841797;-0.360056
13.843750;-0.378641
13.845703;-0.397075
13.847656;-0.415350
13.849609;-0.433459
13.851562;-0.451394
13.853516;-0.469149
13.855469;-0.486717
13.857422;-0.504090
13.859375;-0.521261
13.861328;-0.538223
13.863281;-0.554970
13.865234;-0.571496
13.867188;-0.587792
13.869141;-0.603854
13.871094;-0.619674
13.873047;-0.635246
13.875000;-0.650564
13.876953;-0.665622
13.878906;-0.680414
13.880859;-0.694933
13.882812;-0.709175
13.884766;-0.723133
13.886719;-0.736802
13.888672;-0.750175
13.890625;-0.763249
13.892578;-0.776018
13.894531;-0.788476
13.896484;-0.800619
13.898438;-0.812441
13.900391;-0.823939
13.902344;-0.835107
13.904297;-0.845941
13.906250;-0.856437
13.908203;-0.866590
13.910156;-0.876396
13.912109;-0.885852
13.914062;-0.894954
13.916016;-0.903697
13.917969;-0.912079
13.919922;-0.920097
13.921875;-0.927746
13.923828;-0.935024
13.925781;-0.941928
13.927734;-0.948456
13.929688;-0.954604
13.931641;-0.960370
13.933594;-0.965752
13.935547;-0.970748
13.937500;-0.975356
13.939453;-0.979573
13.941406;-0.983399
13.943359;-0.986831
13.945312;-0.989868
13.947266;-0.992510
13.949219;-0.994755
13.951172;-0.996601
13.953125;-0.998049
13.955078;-0.999098
13.957031;-0.999748
13.958984;-0.999997
13.960938;-0.999846
13.962891;-0.999296
13.964844;-0.998346
13.966797;-0.996996
13.968750;-0.995248
13.970703;-0.993101
13.972656;-0.990557
13.974609;-0.987618
13.976562;-0.984283
13.978516;-0.980554
13.980469;-0.976433
13.982422;-0.971922
13.984375;-0.967022
13.986328;-0.961735
13.988281;-0.956063
13.990234;-0.950009
13.992188;-0.943575
13.994141;-0.936764
13.996094;-0.929578
13.998047;-0.922020
14.000000;-0.914093
14.001953;-0.905801
14.003906;-0.897146
14.005859;-0.888132
14.007812;-0.878764
14.009766;-0.869043
14.011719;-0.858975
14.013672;-0.848564
14.015625;-0.837813
14.017578;-0.826727
14.019531;-0.815311
14.021484;-0.803568
14.023438;-0.791504
14.025391;-0.779123
14.027344;-0.766430
14.029297;-0.753431
14.031250;-0.740131
14.033203;-0.726535
14.035156;-0.712648
14.037109;-0.698476
14.039062;-0.684024
14.041016;-0.669299
14.042969;-0.654307
14.044922;-0.639052
14.046875;-0.623542
14.048828;-0.607783
14.050781;-0.591780
14.052734;-0.575541
14.054688;-0.559071
14.056641;-0.542378
14.058594;-0.525468
14.060547;-0.508348
14.062500;-0.491024
14.064453;-0.473504
14.066406;-0.455795
14.068359;-0.437903
14.070312;-0.419837
14.072266;-0.401602
14.074219;-0.383206
14.076172;-0.364658
14.078125;-0.345963
14.080078;-0.327130
14.082031;-0.308167
14.083984;-0.289080
14.085938;-0.269877
14.087891;-0.250566
14.089844;-0.231156
14.091797;-0.211652
14.093750;-0.192064
14.095703;-0.172400
14.097656;-0.152666
14.099609;-0.132871
14.101562;-0.113023
14.103516;-0.093130
14.105469;-0.073200
14.107422;-0.053240
14.109375;-0.033259
14.111328;-0.013265
14.113281;0.006735
14.115234;0.026732
14.117188;0.046718
14.119141;0.066685
14.121094;0.086626
14.123047;0.106532
14.125000;0.126396
14.126953;0.146209
14.128906;0.165963
14.130859;0.185651
14.132812;0.205265
14.134766;0.224797
14.136719;0.244239
14.138672;0.263583
14.140625;0.282822
14.142578;0.301947
14.144531;0.320952
14.146484;0.339829
14.148438;0.358569
14.150391;0.377166
14.152344;0.395613
14.154297;0.413901
14.156250;0.432023
14.158203;0.449973
14.160156;0.467742
14.162109;0.485325
14.164062;0.502713
14.166016;0.519901
14.167969;0.536880
14.169922;0.553645
14.171875;0.570188
14.173828;0.586503
14.175781;0.602584
14.177734;0.618423
14.179688;0.634015
14.181641;0.649354
14.183594;0.664433
14.185547;0.679246
14.187500;0.693787
14.189453;0.708051
14.191406;0.722032
14.193359;0.735724
14.195312;0.749121
14.197266;0.762219
14.199219;0.775012
14.201172;0.787495
14.203125;0.799664
14.205078;0.811512
14.207031;0.823035
14.208984;0.834230
14.210938;0.845091
14.212891;0.855613
14.214844;0.865794
14.216797;0.875628
14.218750;0.885112
14.220703;0.894242
14.222656;0.903014
14.224609;0.911425
14.226562;0.919472
14.228516;0.927150
14.230469;0.934458
14.232422;0.941392
14.234375;0.947950
14.236328;0.954128
14.238281;0.959925
14.240234;0.965338
14.242188;0.970365
14.244141;0.975003
14.246094;0.979252
14.248047;0.983108
14.250000;0.986572
14.251953;0.989641
14.253906;0.992314
14.255859;0.994590
14.257812;0.996469
14.259766;0.997949
14.261719;0.999029
14.263672;0.999711
14.265625;0.999992
14.267578;0.999873
14.269531;0.999354
14.271484;0.998436
14.273438;0.997118
14.275391;0.995401
14.277344;0.993287
14.279297;0.990775
14.281250;0.987866
14.283203;0.984563
14.285156;0.980865
14.287109;0.976776
14.289062;0.972295
14.291016;0.967426
14.292969;0.962170
14.294922;0.956529
14.296875;0.950505
14.298828;0.944101
14.300781;0.937320
14.302734;0.930164
14.304688;0.922635
14.306641;0.914738
14.308594;0.906474
14.310547;0.897848
14.312500;0.888863
14.314453;0.879523
14.316406;0.869830
14.318359;0.859790
14.320312;0.849406
14.322266;0.838682
14.324219;0.827622
14.326172;0.816232
14.328125;0.804515
14.330078;0.792476
14.332031;0.780120
14.333984;0.767452
14.335938;0.754478
14.337891;0.741201
14.339844;0.727628
14.341797;0.713764
14.343750;0.699615
14.345703;0.685185
14.347656;0.670482
14.349609;0.655510
14.351562;0.640276
14.353516;0.624786
14.355469;0.609047
14.357422;0.593063
14.359375;0.576843
14.361328;0.560391
14.363281;0.543716
14.365234;0.526823
14.367188;0.509719
14.369141;0.492411
14.371094;0.474907
14.373047;0.457212
14.375000;0.439335
14.376953;0.421282
14.378906;0.403060
14.380859;0.384677
14.382812;0.366140
14.384766;0.347457
14.386719;0.328635
14.388672;0.309681
14.390625;0.290604
14.392578;0.271410
14.394531;0.252108
14.396484;0.232705
14.398438;0.213209
14.400391;0.193627
14.402344;0.173968
14.404297;0.154240
14.406250;0.134450
14.408203;0.114606
14.410156;0.094716
14.412109;0.074788
14.414062;0.054831
14.416016;0.034851
14.417969;0.014857
14.419922;-0.005142
14.421875;-0.025139
14.423828;-0.045127
14.425781;-0.065096
14.427734;-0.085039
14.429688;-0.104948
14.431641;-0.124816
14.433594;-0.144633
14.435547;-0.164392
14.437500;-0.184086
14.439453;-0.203706
14.441406;-0.223245
14.443359;-0.242694
14.445312;-0.262046
14.447266;-0.281294
14.449219;-0.300429
14.451172;-0.319443
14.453125;-0.338330
14.455078;-0.357082
14.457031;-0.375691
14.458984;-0.394149
14.460938;-0.412450
14.462891;-0.430586
14.464844;-0.448550
14.466797;-0.466334
14.468750;-0.483932
14.470703;-0.501336
14.472656;-0.518539
14.474609;-0.535536
14.476562;-0.552318
14.478516;-0.568879
14.480469;-0.585212
14.482422;-0.601312
14.484375;-0.617171
14.486328;-0.632783
14.488281;-0.648142
14.490234;-0.663242
14.492188;-0.678076
14.494141;-0.692639
14.496094;-0.706926
14.498047;-0.720929
14.500000;-0.734644
14.501953;-0.748065
14.503906;-0.761187
14.505859;-0.774005
14.507812;-0.786513
14.509766;-0.798706
14.511719;-0.810580
14.513672;-0.822130
14.515625;-0.833351
14.517578;-0.844238
14.519531;-0.854788
14.521484;-0.864996
14.523438;-0.874858
14.525391;-0.884370
14.527344;-0.893528
14.529297;-0.902329
14.531250;-0.910769
14.533203;-0.918844
14.535156;-0.926552
14.537109;-0.933890
14.539062;-0.940854
14.541016;-0.947442
14.542969;-0.953650
14.544922;-0.959477
14.546875;-0.964921
14.548828;-0.969978
14.550781;-0.974648
14.552734;-0.978928
14.554688;-0.982816
14.556641;-0.986311
14.558594;-0.989411
14.560547;-0.992116
14.562500;-0.994424
14.564453;-0.996334
14.566406;-0.997846
14.568359;-0.998958
14.570312;-0.999671
14.572266;-0.999984
14.574219;-0.999897
14.576172;-0.999410
14.578125;-0.998524
14.580078;-0.997238
14.582031;-0.995553
14.583984;-0.993470
14.585938;-0.990989
14.587891;-0.988112
14.589844;-0.984840
14.591797;-0.981174
14.593750;-0.977116
14.595703;-0.972667
14.597656;-0.967828
14.599609;-0.962603
14.601562;-0.956992
14.603516;-0.950999
14.605469;-0.944625
14.607422;-0.937874
14.609375;-0.930747
14.611328;-0.923248
14.613281;-0.915380
14.615234;-0.907146
14.617188;-0.898548
14.619141;-0.889592
14.621094;-0.880279
14.623047;-0.870615
14.625000;-0.860602
14.626953;-0.850245
14.628906;-0.839548
14.630859;-0.828515
14.632812;-0.817151
14.634766;-0.805460
14.636719;-0.793446
14.638672;-0.781116
14.640625;-0.768473
14.642578;-0.755522
14.644531;-0.742269
14.646484;-0.728720
14.648438;-0.714879
14.650391;-0.700752
14.652344;-0.686344
14.654297;-0.671663
14.656250;-0.656712
14.658203;-0.641499
14.660156;-0.626029
14.662109;-0.610309
14.664062;-0.594345
14.666016;-0.578143
14.667969;-0.561710
14.669922;-0.545052
14.671875;-0.528176
14.673828;-0.511089
14.675781;-0.493797
14.677734;-0.476308
14.679688;-0.458628
14.681641;-0.440765
14.683594;-0.422726
14.685547;-0.404517
14.687500;-0.386147
14.689453;-0.367622
14.691406;-0.348950
14.693359;-0.330139
14.695312;-0.311195
14.697266;-0.292128
14.699219;-0.272943
14.701172;-0.253649
14.703125;-0.234254
14.705078;-0.214765
14.707031;-0.195190
14.708984;-0.175537
14.710938;-0.155813
14.712891;-0.136028
14.714844;-0.116188
14.716797;-0.096301
14.718750;-0.076376
14.720703;-0.056421
14.722656;-0.036443
14.724609;-0.016450
14.726562;0.003549
14.728516;0.023547
14.730469;0.043535
14.732422;0.063506
14.734375;0.083452
14.736328;0.103364
14.738281;0.123235
14.740234;0.143057
14.742188;0.162821
14.744141;0.182520
14.746094;0.202147
14.748047;0.221692
14.750000;0.241149
14.751953;0.260509
14.753906;0.279765
14.755859;0.298909
14.757812;0.317934
14.759766;0.336831
14.761719;0.355594
14.763672;0.374214
14.765625;0.392685
14.767578;0.410999
14.769531;0.429148
14.771484;0.447126
14.773438;0.464924
14.775391;0.482537
14.777344;0.499957
14.779297;0.517177
14.781250;0.534190
14.783203;0.550989
14.785156;0.567568
14.787109;0.583920
14.789062;0.600039
14.791016;0.615917
14.792969;0.631549
14.794922;0.646928
14.796875;0.662049
14.798828;0.676905
14.800781;0.691490
14.802734;0.705798
14.804688;0.719824
14.806641;0.733563
14.808594;0.747007
14.810547;0.760153
14.812500;0.772995
14.814453;0.785528
14.816406;0.797747
14.818359;0.809646
14.820312;0.821222
14.822266;0.832469
14.824219;0.843383
14.826172;0.853960
14.828125;0.864195
14.830078;0.874085
14.832031;0.883625
14.833984;0.892812
14.835938;0.901641
14.837891;0.910110
14.839844;0.918215
14.841797;0.925952
14.843750;0.933319
14.845703;0.940313
14.847656;0.946931
14.849609;0.953170
14.851562;0.959027
14.853516;0.964502
14.855469;0.969590
14.857422;0.974290
14.859375;0.978601
14.861328;0.982520
14.863281;0.986047
14.865234;0.989179
14.867188;0.991915
14.869141;0.994255
14.871094;0.996196
14.873047;0.997740
14.875000;0.998884
14.876953;0.999629
14.878906;0.999974
14.880859;0.999919
14.882812;0.999464
14.884766;0.998609
14.886719;0.997355
14.888672;0.995702
14.890625;0.993650
14.892578;0.991201
14.894531;0.988356
14.896484;0.985115
14.898438;0.981481
14.900391;0.977453
14.902344;0.973035
14.904297;0.968228
14.906250;0.963033
14.908203;0.957453
14.910156;0.951490
14.912109;0.945147
14.914062;0.938425
14.916016;0.931328
14.917969;0.923859
14.919922;0.916020
14.921875;0.907815
14.923828;0.899246
14.925781;0.890318
14.927734;0.881034
14.929688;0.871397
14.931641;0.861412
14.933594;0.851082
14.935547;0.840412
14.937500;0.829406
14.939453;0.818068
14.941406;0.806403
14.943359;0.794415
14.945312;0.782109
14.947266;0.769491
14.949219;0.756565
14.951172;0.743336
14.953125;0.729810
14.955078;0.715992
14.957031;0.701887
14.958984;0.687502
14.960938;0.672842
14.962891;0.657912
14.964844;0.642720
14.966797;0.627270
14.968750;0.611570
14.970703;0.595625
14.972656;0.579442
14.974609;0.563027
14.976562;0.546386
14.978516;0.529527
14.980469;0.512457
14.982422;0.495181
14.984375;0.477708
14.986328;0.460043
14.988281;0.442194
14.990234;0.424168
14.992188;0.405973
14.994141;0.387616
14.996094;0.369103
14.998047;0.350442
15.000000;0.331642
15.001953;0.312709
15.003906;0.293650
15.005859;0.274475
15.007812;0.255189
15.009766;0.235802
15.011719;0.216320
15.013672;0.196751
15.015625;0.177104
15.017578;0.157386
15.019531;0.137605
15.021484;0.117770
15.023438;0.097886
15.025391;0.077964
15.027344;0.058011
15.029297;0.038034
15.031250;0.018042
15.033203;-0.001957
15.035156;-0.021955
15.037109;-0.041944
15.039062;-0.061917
15.041016;-0.081865
15.042969;-0.101780
15.044922;-0.121654
15.046875;-0.141480
15.048828;-0.161249
15.050781;-0.180954
15.052734;-0.200586
15.054688;-0.220139
15.056641;-0.239603
15.058594;-0.258971
15.060547;-0.278235
15.062500;-0.297389
15.064453;-0.316423
15.066406;-0.335331
15.068359;-0.354105
15.070312;-0.372737
15.072266;-0.391220
15.074219;-0.409546
15.076172;-0.427709
15.078125;-0.445700
15.080078;-0.463514
15.082031;-0.481142
15.083984;-0.498577
15.085938;-0.515813
15.087891;-0.532843
15.089844;-0.549659
15.091797;-0.566256
15.093750;-0.582626
15.095703;-0.598764
15.097656;-0.614661
15.099609;-0.630313
15.101562;-0.645713
15.103516;-0.660854
15.105469;-0.675731
15.107422;-0.690338
15.109375;-0.704669
15.111328;-0.718718
15.113281;-0.732479
15.115234;-0.745948
15.117188;-0.759118
15.119141;-0.771984
15.121094;-0.784542
15.123047;-0.796785
15.125000;-0.808710
15.126953;-0.820312
15.128906;-0.831586
15.130859;-0.842526
15.132812;-0.853130
15.134766;-0.863393
15.136719;-0.873310
15.138672;-0.882878
15.140625;-0.892093
15.142578;-0.900951
15.144531;-0.909449
15.146484;-0.917583
15.148438;-0.925350
15.150391;-0.932746
15.152344;-0.939770
15.154297;-0.946418
15.156250;-0.952687
15.158203;-0.958575
15.160156;-0.964080
15.162109;-0.969199
15.164062;-0.973930
15.166016;-0.978272
15.167969;-0.982223
15.169922;-0.985780
15.171875;-0.988944
15.173828;-0.991712
15.175781;-0.994083
15.177734;-0.996056
15.179688;-0.997631
15.181641;-0.998808
15.183594;-0.999584
15.185547;-0.999961
15.187500;-0.999938
15.189453;-0.999515
15.191406;-0.998692
15.193359;-0.997469
15.195312;-0.995848
15.197266;-0.993828
15.199219;-0.991411
15.201172;-0.988597
15.203125;-0.985388
15.205078;-0.981784
15.207031;-0.977788
15.208984;-0.973401
15.210938;-0.968625
15.212891;-0.963461
15.214844;-0.957911
15.216797;-0.951979
15.218750;-0.945666
15.220703;-0.938974
15.222656;-0.931907
15.224609;-0.924467
15.226562;-0.916658
15.228516;-0.908481
15.230469;-0.899942
15.232422;-0.891042
15.234375;-0.881786
15.236328;-0.872178
15.238281;-0.862220
15.240234;-0.851918
15.242188;-0.841274
15.244141;-0.830295
15.246094;-0.818983
15.248047;-0.807343
15.250000;-0.795381
15.251953;-0.783101
15.253906;-0.770507
15.255859;-0.757605
15.257812;-0.744400
15.259766;-0.730898
15.261719;-0.717103
15.263672;-0.703021
15.265625;-0.688658
15.267578;-0.674019
15.269531;-0.659111
15.271484;-0.643939
15.273438;-0.628510
15.275391;-0.612829
15.277344;-0.596904
15.279297;-0.580739
15.281250;-0.564342
15.283203;-0.547720
15.285156;-0.530878
15.287109;-0.513824
15.289062;-0.496564
15.291016;-0.479106
15.292969;-0.461456
15.294922;-0.443622
15.296875;-0.425610
15.298828;-0.407428
15.300781;-0.389083
15.302734;-0.370583
15.304688;-0.351934
15.306641;-0.333144
15.308594;-0.314221
15.310547;-0.295173
15.312500;-0.276006
15.314453;-0.256729
15.316406;-0.237349
15.318359;-0.217875
15.320312;-0.198313
15.322266;-0.178672
15.324219;-0.158959
15.326172;-0.139183
15.328125;-0.119351
15.330078;-0.099471
15.332031;-0.079552
15.333984;-0.059601
15.335938;-0.039626
15.337891;-0.019635
15.339844;0.000364
15.341797;0.020362
15.343750;0.040353
15.345703;0.060327
15.347656;0.080277
15.349609;0.100195
15.351562;0.120073
15.353516;0.139903
15.355469;0.159677
15.357422;0.179387
15.359375;0.199026
15.361328;0.218585
15.363281;0.238056
15.365234;0.257432
15.367188;0.276705
15.369141;0.295868
15.371094;0.314912
15.373047;0.333830
15.375000;0.352615
15.376953;0.371258
15.378906;0.389753
15.380859;0.408093
15.382812;0.426269
15.384766;0.444274
15.386719;0.462102
15.388672;0.479745
15.390625;0.497196
15.392578;0.514448
15.394531;0.531494
15.396484;0.548328
15.398438;0.564943
15.400391;0.581331
15.402344;0.597487
15.404297;0.613404
15.406250;0.629076
15.408203;0.644496
15.410156;0.659658
15.412109;0.674556
15.414062;0.689185
15.416016;0.703538
15.417969;0.717610
15.419922;0.731394
15.421875;0.744886
15.423828;0.758080
15.425781;0.770971
15.427734;0.783553
15.429688;0.795822
15.431641;0.807773
15.433594;0.819400
15.435547;0.830700
15.437500;0.841667
15.439453;0.852298
15.441406;0.862588
15.443359;0.872533
15.445312;0.882129
15.447266;0.891372
15.449219;0.900259
15.451172;0.908785
15.453125;0.916948
15.455078;0.924745
15.457031;0.932171
15.458984;0.939224
15.460938;0.945902
15.462891;0.952202
15.464844;0.958120
15.466797;0.963655
15.468750;0.968805
15.470703;0.973568
15.472656;0.977941
15.474609;0.981922
15.476562;0.985511
15.478516;0.988706
15.480469;0.991506
15.482422;0.993909
15.484375;0.995914
15.486328;0.997521
15.488281;0.998729
15.490234;0.999537
15.492188;0.999946
15.494141;0.999954
15.496094;0.999563
15.498047;0.998772
15.500000;0.997581
15.501953;0.995992
15.503906;0.994003
15.505859;0.991618
15.507812;0.988836
15.509766;0.985658
15.511719;0.982086
15.513672;0.978121
15.515625;0.973765
15.517578;0.969019
15.519531;0.963886
15.521484;0.958367
15.523438;0.952465
15.525391;0.946182
15.527344;0.939521
15.529297;0.932484
15.531250;0.925073
15.533203;0.917293
15.535156;0.909146
15.537109;0.900635
15.539062;0.891764
15.541016;0.882536
15.542969;0.872956
15.544922;0.863026
15.546875;0.852751
15.548828;0.842134
15.550781;0.831181
15.552734;0.819896
15.554688;0.808282
15.556641;0.796346
15.558594;0.784090
15.560547;0.771521
15.562500;0.758644
15.564453;0.745463
15.566406;0.731984
15.568359;0.718212
15.570312;0.704153
15.572266;0.689812
15.574219;0.675195
15.576172;0.660308
15.578125;0.645157
15.580078;0.629748
15.582031;0.614087
15.583984;0.598181
15.585938;0.582035
15.587891;0.565656
15.589844;0.549051
15.591797;0.532227
15.593750;0.515190
15.595703;0.497946
15.597656;0.480504
15.599609;0.462869
15.601562;0.445049
15.603516;0.427051
15.605469;0.408882
15.607422;0.390550
15.609375;0.372061
15.611328;0.353424
15.613281;0.334645
15.615234;0.315733
15.617188;0.296694
15.619141;0.277536
15.621094;0.258268
15.623047;0.238896
15.625000;0.219429
15.626953;0.199874
15.628906;0.180239
15.630859;0.160531
15.632812;0.140760
15.634766;0.120932
15.636719;0.101056
15.638672;0.081140
15.640625;0.061191
15.642578;0.041217
15.644531;0.021227
15.646484;0.001229
15.648438;-0.018770
15.650391;-0.038761
15.652344;-0.058737
15.654297;-0.078690
15.656250;-0.098611
15.658203;-0.118492
15.660156;-0.138326
15.662109;-0.158105
15.664062;-0.177820
15.666016;-0.197465
15.667969;-0.217030
15.669922;-0.236509
15.671875;-0.255893
15.673828;-0.275174
15.675781;-0.294346
15.677734;-0.313400
15.679688;-0.332328
15.681641;-0.351124
15.683594;-0.369779
15.685547;-0.388286
15.687500;-0.406638
15.689453;-0.424827
15.691406;-0.442847
15.693359;-0.460689
15.695312;-0.478347
15.697266;-0.495813
15.699219;-0.513082
15.701172;-0.530145
15.703125;-0.546996
15.705078;-0.563628
15.707031;-0.580034
15.708984;-0.596209
15.710938;-0.612146
15.712891;-0.627837
15.714844;-0.643277
15.716797;-0.658460
15.718750;-0.673380
15.720703;-0.688030
15.722656;-0.702405
15.724609;-0.716499
15.726562;-0.730307
15.728516;-0.743822
15.730469;-0.757040
15.732422;-0.769955
15.734375;-0.782562
15.736328;-0.794856
15.738281;-0.806833
15.740234;-0.818486
15.742188;-0.829812
15.744141;-0.840806
15.746094;-0.851464
15.748047;-0.861781
15.750000;-0.871754
15.751953;-0.881378
15.753906;-0.890649
15.755859;-0.899564
15.757812;-0.908120
15.759766;-0.916312
15.761719;-0.924137
15.763672;-0.931593
15.765625;-0.938676
15.767578;-0.945384
15.769531;-0.951714
15.771484;-0.957663
15.773438;-0.963229
15.775391;-0.968409
15.777344;-0.973203
15.779297;-0.977607
15.781250;-0.981620
15.783203;-0.985240
15.785156;-0.988466
15.787109;-0.991297
15.789062;-0.993732
15.791016;-0.995769
15.792969;-0.997407
15.794922;-0.998647
15.796875;-0.999487
15.798828;-0.999928
15.800781;-0.999968
15.802734;-0.999609
15.804688;-0.998849
15.806641;-0.997691
15.808594;-0.996133
15.810547;-0.994176
15.812500;-0.991822
15.814453;-0.989072
15.816406;-0.985925
15.818359;-0.982385
15.820312;-0.978451
15.822266;-0.974126
15.824219;-0.969411
15.826172;-0.964309
15.828125;-0.958821
15.830078;-0.952949
15.832031;-0.946697
15.833984;-0.940065
15.835938;-0.933058
15.837891;-0.925677
15.839844;-0.917926
15.841797;-0.909808
15.843750;-0.901326
15.845703;-0.892484
15.847656;-0.883284
15.849609;-0.873731
15.851562;-0.863829
15.853516;-0.853581
15.855469;-0.842992
15.857422;-0.832066
15.859375;-0.820807
15.861328;-0.809219
15.863281;-0.797308
15.865234;-0.785078
15.867188;-0.772534
15.869141;-0.759680
15.871094;-0.746523
15.873047;-0.733068
15.875000;-0.719319
15.876953;-0.705283
15.878906;-0.690964
15.880859;-0.676369
15.882812;-0.661503
15.884766;-0.646373
15.886719;-0.630985
15.888672;-0.615343
15.890625;-0.599456
15.892578;-0.583329
15.894531;-0.566969
15.896484;-0.550382
15.898438;-0.533575
15.900391;-0.516554
15.902344;-0.499327
15.904297;-0.481900
15.906250;-0.464280
15.908203;-0.446475
15.910156;-0.428491
15.912109;-0.410335
15.914062;-0.392016
15.916016;-0.373539
15.917969;-0.354914
15.919922;-0.336146
15.921875;-0.317244
15.923828;-0.298215
15.925781;-0.279066
15.927734;-0.259806
15.929688;-0.240442
15.931641;-0.220982
15.933594;-0.201434
15.935547;-0.181805
15.937500;-0.162103
15.939453;-0.142337
15.941406;-0.122513
15.943359;-0.102641
15.945312;-0.082727
15.947266;-0.062780
15.949219;-0.042809
15.951172;-0.022820
15.953125;-0.002822
15.955078;0.017178
15.957031;0.037170
15.958984;0.057147
15.960938;0.077102
15.962891;0.097025
15.964844;0.116910
15.966797;0.136749
15.968750;0.156532
15.970703;0.176253
15.972656;0.195903
15.974609;0.215475
15.976562;0.234961
15.978516;0.254353
15.980469;0.273643
15.982422;0.292823
15.984375;0.311887
15.986328;0.330826
15.988281;0.349632
15.990234;0.368299
15.992188;0.386818
15.994141;0.405182
15.996094;0.423385
15.998047;0.441418
16.000000;0.459275
16.001953;0.476947
16.003906;0.494429
16.005859;0.511714
16.007812;0.528793
16.009766;0.545662
16.011719;0.562311
16.013672;0.578736
16.015625;0.594930
16.017578;0.610885
16.019531;0.626597
16.021484;0.642057
16.023438;0.657261
16.025391;0.672202
16.027344;0.686873
16.029297;0.701271
16.031250;0.715387
16.033203;0.729218
16.035156;0.742757
16.037109;0.755999
16.039062;0.768938
16.041016;0.781570
16.042969;0.793889
16.044922;0.805891
16.046875;0.817570
16.048828;0.828922
16.050781;0.839943
16.052734;0.850628
16.054688;0.860972
16.056641;0.870973
16.058594;0.880624
16.060547;0.889924
16.062500;0.898867
16.064453;0.907452
16.066406;0.915673
16.068359;0.923527
16.070312;0.931013
16.072266;0.938126
16.074219;0.944864
16.076172;0.951224
16.078125;0.957203
16.080078;0.962800
16.082031;0.968011
16.083984;0.972835
16.085938;0.977270
16.087891;0.981315
16.089844;0.984966
16.091797;0.988224
16.093750;0.991086
16.095703;0.993552
16.097656;0.995621
16.099609;0.997291
16.101562;0.998563
16.103516;0.999435
16.105469;0.999907
16.107422;0.999980
16.109375;0.999652
16.111328;0.998925
16.113281;0.997798
16.115234;0.996271
16.117188;0.994347
16.119141;0.992024
16.121094;0.989305
16.123047;0.986190
16.125000;0.982681
16.126953;0.978779
16.128906;0.974485
16.130859;0.969801
16.132812;0.964730
16.134766;0.959272
16.136719;0.953431
16.138672;0.947209
16.140625;0.940607
16.142578;0.933630
16.144531;0.926279
16.146484;0.918557
16.148438;0.910468
16.150391;0.902015
16.152344;0.893201
16.154297;0.884030
16.156250;0.874505
16.158203;0.864630
16.160156;0.854410
16.162109;0.843848
16.164062;0.832948
16.166016;0.821715
16.167969;0.810154
16.169922;0.798268
16.171875;0.786063
16.173828;0.773544
16.175781;0.760715
16.177734;0.747582
16.179688;0.734150
16.181641;0.720425
16.183594;0.706411
16.185547;0.692114
16.187500;0.677541
16.189453;0.662697
16.191406;0.647588
16.193359;0.632219
16.195312;0.616598
16.197266;0.600730
16.199219;0.584622
16.201172;0.568280
16.203125;0.551711
16.205078;0.534921
16.207031;0.517917
16.208984;0.500706
16.210938;0.483295
16.212891;0.465690
16.214844;0.447899
16.216797;0.429929
16.218750;0.411787
16.220703;0.393480
16.222656;0.375016
16.224609;0.356402
16.226562;0.337645
16.228516;0.318754
16.230469;0.299735
16.232422;0.280595
16.234375;0.261344
16.236328;0.241988
16.238281;0.222535
16.240234;0.202994
16.242188;0.183371
16.244141;0.163675
16.246094;0.143913
16.248047;0.124094
16.250000;0.104225
16.251953;0.084314
16.253906;0.064370
16.255859;0.044400
16.257812;0.024412
16.259766;0.004414
16.261719;-0.015585
16.263672;-0.035578
16.265625;-0.055557
16.267578;-0.075514
16.269531;-0.095440
16.271484;-0.115328
16.273438;-0.135171
16.275391;-0.154959
16.277344;-0.174685
16.279297;-0.194341
16.281250;-0.213920
16.283203;-0.233412
16.285156;-0.252812
16.287109;-0.272111
16.289062;-0.291300
16.291016;-0.310373
16.292969;-0.329322
16.294922;-0.348139
16.296875;-0.366817
16.298828;-0.385349
16.300781;-0.403726
16.302734;-0.421941
16.304688;-0.439988
16.306641;-0.457859
16.308594;-0.475547
16.310547;-0.493044
16.312500;-0.510345
16.314453;-0.527441
16.316406;-0.544326
16.318359;-0.560994
16.320312;-0.577437
16.322266;-0.593649
16.324219;-0.609624
16.326172;-0.625354
16.328125;-0.640835
16.330078;-0.656060
16.332031;-0.671021
16.333984;-0.685715
16.335938;-0.700134
16.337891;-0.714274
16.339844;-0.728127
16.341797;-0.741689
16.343750;-0.754955
16.345703;-0.767919
16.347656;-0.780575
16.349609;-0.792920
16.351562;-0.804947
16.353516;-0.816652
16.355469;-0.828030
16.357422;-0.839078
16.359375;-0.849789
16.361328;-0.860161
16.363281;-0.870189
16.365234;-0.879869
16.367188;-0.889196
16.369141;-0.898168
16.371094;-0.906781
16.373047;-0.915031
16.375000;-0.922915
16.376953;-0.930430
16.378906;-0.937573
16.380859;-0.944341
16.382812;-0.950731
16.384766;-0.956741
16.386719;-0.962368
16.388672;-0.967610
16.390625;-0.972465
16.392578;-0.976931
16.394531;-0.981007
16.396484;-0.984690
16.398438;-0.987979
16.400391;-0.990873
16.402344;-0.993371
16.404297;-0.995471
16.406250;-0.997173
16.408203;-0.998476
16.410156;-0.999380
16.412109;-0.999884
16.414062;-0.999989
16.416016;-0.999693
16.417969;-0.998997
16.419922;-0.997902
16.421875;-0.996408
16.423828;-0.994515
16.425781;-0.992224
16.427734;-0.989536
16.429688;-0.986453
16.431641;-0.982975
16.433594;-0.979104
16.435547;-0.974841
16.437500;-0.970188
16.439453;-0.965148
16.441406;-0.959721
16.443359;-0.953910
16.445312;-0.947718
16.447266;-0.941147
16.449219;-0.934199
16.451172;-0.926878
16.453125;-0.919185
16.455078;-0.911126
16.457031;-0.902701
16.458984;-0.893916
16.460938;-0.884773
16.462891;-0.875276
16.464844;-0.865430
16.466797;-0.855237
16.468750;-0.844701
16.470703;-0.833828
16.472656;-0.822622
16.474609;-0.811086
16.476562;-0.799226
16.478516;-0.787047
16.480469;-0.774552
16.482422;-0.761748
16.484375;-0.748639
16.486328;-0.735231
16.488281;-0.721528
16.490234;-0.707537
16.492188;-0.693263
16.494141;-0.678712
16.496094;-0.663889
16.498047;-0.648800
16.500000;-0.633453
16.501953;-0.617851
16.503906;-0.602003
16.505859;-0.585914
16.507812;-0.569590
16.509766;-0.553039
16.511719;-0.536266
16.513672;-0.519279
16.515625;-0.502084
16.517578;-0.484689
16.519531;-0.467099
16.521484;-0.449323
16.523438;-0.431367
16.525391;-0.413238
16.527344;-0.394944
16.529297;-0.376492
16.531250;-0.357890
16.533203;-0.339144
16.535156;-0.320263
16.537109;-0.301254
16.539062;-0.282124
16.541016;-0.262881
16.542969;-0.243533
16.544922;-0.224088
16.546875;-0.204553
16.548828;-0.184936
16.550781;-0.165246
16.552734;-0.145489
16.554688;-0.125674
16.556641;-0.105809
16.558594;-0.085901
16.560547;-0.065959
16.562500;-0.045991
16.564453;-0.026004
16.566406;-0.006007
16.568359;0.013992
16.570312;0.033986
16.572266;0.053967
16.574219;0.073925
16.576172;0.093855
16.578125;0.113746
16.580078;0.133592
16.582031;0.153385
16.583984;0.173116
16.585938;0.192778
16.587891;0.212363
16.589844;0.231863
16.591797;0.251271
16.593750;0.270578
16.595703;0.289776
16.597656;0.308859
16.599609;0.327818
16.601562;0.346646
16.603516;0.365335
16.605469;0.383878
16.607422;0.402268
16.609375;0.420497
16.611328;0.438557
16.613281;0.456443
16.615234;0.474145
16.617188;0.491658
16.619141;0.508974
16.621094;0.526087
16.623047;0.542989
16.625000;0.559674
16.626953;0.576136
16.628906;0.592366
16.630859;0.608360
16.632812;0.624111
16.634766;0.639612
16.636719;0.654857
16.638672;0.669840
16.640625;0.684555
16.642578;0.698996
16.644531;0.713158
16.646484;0.727035
16.648438;0.740620
16.650391;0.753910
16.652344;0.766898
16.654297;0.779579
16.656250;0.791948
16.658203;0.804001
16.660156;0.815732
16.662109;0.827136
16.664062;0.838210
16.666016;0.848949
16.667969;0.859348
16.669922;0.869403
16.671875;0.879111
16.673828;0.888466
16.675781;0.897467
16.677734;0.906109
16.679688;0.914388
16.681641;0.922301
16.683594;0.929846
16.685547;0.937018
16.687500;0.943816
16.689453;0.950236
16.691406;0.956276
16.693359;0.961934
16.695312;0.967207
16.697266;0.972093
16.699219;0.976590
16.701172;0.980697
16.703125;0.984411
16.705078;0.987732
16.707031;0.990657
16.708984;0.993186
16.710938;0.995318
16.712891;0.997052
16.714844;0.998387
16.716797;0.999323
16.718750;0.999859
16.720703;0.999995
16.722656;0.999731
16.724609;0.999067
16.726562;0.998004
16.728516;0.996541
16.730469;0.994680
16.732422;0.992421
16.734375;0.989765
16.736328;0.986713
16.738281;0.983266
16.740234;0.979427
16.742188;0.975195
16.744141;0.970573
16.746094;0.965563
16.748047;0.960167
16.750000;0.954387
16.751953;0.948225
16.753906;0.941684
16.755859;0.934766
16.757812;0.927474
16.759766;0.919811
16.761719;0.911781
16.763672;0.903386
16.765625;0.894629
16.767578;0.885514
16.769531;0.876046
16.771484;0.866226
16.773438;0.856061
16.775391;0.845553
16.777344;0.834707
16.779297;0.823527
16.781250;0.812017
16.783203;0.800183
16.785156;0.788028
16.787109;0.775559
16.789062;0.762779
16.791016;0.749694
16.792969;0.736309
16.794922;0.722630
16.796875;0.708662
16.798828;0.694410
16.800781;0.679881
16.802734;0.665079
16.804688;0.650012
16.806641;0.634684
16.808594;0.619103
16.810547;0.603274
16.812500;0.587204
16.814453;0.570898
16.816406;0.554365
16.818359;0.537610
16.820312;0.520639
16.822266;0.503461
16.824219;0.486081
16.826172;0.468507
16.828125;0.450745
16.830078;0.432803
16.832031;0.414688
16.833984;0.396407
16.835938;0.377967
16.837891;0.359377
16.839844;0.340642
16.841797;0.321771
16.843750;0.302772
16.845703;0.283651
16.847656;0.264417
16.849609;0.245078
16.851562;0.225640
16.853516;0.206112
16.855469;0.186501
16.857422;0.166816
16.859375;0.147064
16.861328;0.127254
16.863281;0.107392
16.865234;0.087488
16.867188;0.067548
16.869141;0.047582
16.871094;0.027596
16.873047;0.007600
16.875000;-0.012400
16.876953;-0.032395
16.878906;-0.052376
16.880859;-0.072337
16.882812;-0.092269
16.884766;-0.112164
16.886719;-0.132014
16.888672;-0.151811
16.890625;-0.171547
16.892578;-0.191215
16.894531;-0.210807
16.896484;-0.230314
16.898438;-0.249729
16.900391;-0.269044
16.902344;-0.288251
16.904297;-0.307344
16.906250;-0.326313
16.908203;-0.345151
16.910156;-0.363852
16.912109;-0.382407
16.914062;-0.400809
16.916016;-0.419051
16.917969;-0.437126
16.919922;-0.455025
16.921875;-0.472742
16.923828;-0.490271
16.925781;-0.507603
16.927734;-0.524732
16.929688;-0.541651
16.931641;-0.558354
16.933594;-0.574833
16.935547;-0.591082
16.937500;-0.607095
16.939453;-0.622865
16.941406;-0.638386
16.943359;-0.653652
16.945312;-0.668656
16.947266;-0.683393
16.949219;-0.697856
16.951172;-0.712041
16.953125;-0.725940
16.955078;-0.739549
16.957031;-0.752862
16.958984;-0.765874
16.960938;-0.778580
16.962891;-0.790975
16.964844;-0.803053
16.966797;-0.814809
16.968750;-0.826240
16.970703;-0.837341
16.972656;-0.848106
16.974609;-0.858532
16.976562;-0.868615
16.978516;-0.878350
16.980469;-0.887734
16.982422;-0.896763
16.984375;-0.905434
16.986328;-0.913742
16.988281;-0.921684
16.990234;-0.929258
16.992188;-0.936461
16.994141;-0.943288
16.996094;-0.949739
16.998047;-0.955809
17.000000;-0.961497
17.001953;-0.966801
17.003906;-0.971718
17.005859;-0.976246
17.007812;-0.980384
17.009766;-0.984130
17.011719;-0.987482
17.013672;-0.990439
17.015625;-0.992999
17.017578;-0.995163
17.019531;-0.996929
17.021484;-0.998295
17.023438;-0.999263
17.025391;-0.999831
17.027344;-0.999999
17.029297;-0.999767
17.031250;-0.999135
17.033203;-0.998103
17.035156;-0.996672
17.037109;-0.994843
17.039062;-0.992615
17.041016;-0.989991
17.042969;-0.986970
17.044922;-0.983555
17.046875;-0.979747
17.048828;-0.975546
17.050781;-0.970955
17.052734;-0.965976
17.054688;-0.960611
17.056641;-0.954861
17.058594;-0.948730
17.060547;-0.942219
17.062500;-0.935331
17.064453;-0.928069
17.066406;-0.920435
17.068359;-0.912434
17.070312;-0.904067
17.072266;-0.895339
17.074219;-0.886253
17.076172;-0.876813
17.078125;-0.867021
17.080078;-0.856883
17.082031;-0.846402
17.083984;-0.835583
17.085938;-0.824429
17.087891;-0.812946
17.089844;-0.801137
17.091797;-0.789008
17.093750;-0.776563
17.095703;-0.763808
17.097656;-0.750747
17.099609;-0.737386
17.101562;-0.723730
17.103516;-0.709785
17.105469;-0.695555
17.107422;-0.681048
17.109375;-0.666268
17.111328;-0.651221
17.113281;-0.635914
17.115234;-0.620353
17.117188;-0.604543
17.119141;-0.588492
17.121094;-0.572205
17.123047;-0.555690
17.125000;-0.538952
17.126953;-0.521999
17.128906;-0.504836
17.130859;-0.487472
17.132812;-0.469913
17.134766;-0.452166
17.136719;-0.434238
17.138672;-0.416137
17.140625;-0.397869
17.142578;-0.379441
17.144531;-0.360862
17.146484;-0.342139
17.148438;-0.323279
17.150391;-0.304290
17.152344;-0.285178
17.154297;-0.265953
17.156250;-0.246622
17.158203;-0.227191
17.160156;-0.207670
17.162109;-0.188066
17.164062;-0.168386
17.166016;-0.148640
17.167969;-0.128833
17.169922;-0.108976
17.171875;-0.089074
17.173828;-0.069137
17.175781;-0.049173
17.177734;-0.029188
17.179688;-0.009192
17.181641;0.010807
17.183594;0.030803
17.185547;0.050786
17.187500;0.070748
17.189453;0.090683
17.191406;0.110581
17.193359;0.130435
17.195312;0.150236
17.197266;0.169978
17.199219;0.189652
17.201172;0.209250
17.203125;0.228764
17.205078;0.248186
17.207031;0.267510
17.208984;0.286726
17.210938;0.305827
17.212891;0.324807
17.214844;0.343656
17.216797;0.362368
17.218750;0.380935
17.220703;0.399350
17.222656;0.417605
17.224609;0.435692
17.226562;0.453606
17.228516;0.471338
17.230469;0.488882
17.232422;0.506230
17.234375;0.523375
17.236328;0.540312
17.238281;0.557032
17.240234;0.573529
17.242188;0.589797
17.244141;0.605829
17.246094;0.621619
17.248047;0.637160
17.250000;0.652446
17.251953;0.667471
17.253906;0.682229
17.255859;0.696715
17.257812;0.710921
17.259766;0.724844
17.261719;0.738476
17.263672;0.751813
17.265625;0.764849
17.267578;0.777580
17.269531;0.789999
17.271484;0.802102
17.273438;0.813885
17.275391;0.825342
17.277344;0.836469
17.279297;0.847261
17.281250;0.857714
17.283203;0.867825
17.285156;0.877588
17.287109;0.887000
17.289062;0.896057
17.291016;0.904756
17.292969;0.913093
17.294922;0.921065
17.296875;0.928669
17.298828;0.935901
17.300781;0.942758
17.302734;0.949239
17.304688;0.955340
17.306641;0.961058
17.308594;0.966393
17.310547;0.971341
17.312500;0.975900
17.314453;0.980069
17.316406;0.983846
17.318359;0.987229
17.320312;0.990218
17.322266;0.992810
17.324219;0.995005
17.326172;0.996803
17.328125;0.998201
17.330078;0.999201
17.332031;0.999800
17.333984;1.000000
17.335938;0.999800
17.337891;0.999200
17.339844;0.998200
17.341797;0.996801
17.343750;0.995003
17.345703;0.992807
17.347656;0.990214
17.349609;0.987226
17.351562;0.983842
17.353516;0.980064
17.355469;0.975895
17.357422;0.971335
17.359375;0.966387
17.361328;0.961052
17.363281;0.955333
17.365234;0.949232
17.367188;0.942751
17.369141;0.935893
17.371094;0.928661
17.373047;0.921057
17.375000;0.913084
17.376953;0.904747
17.378906;0.896048
17.380859;0.886990
17.382812;0.877577
17.384766;0.867814
17.386719;0.857703
17.388672;0.847249
17.390625;0.836457
17.392578;0.825329
17.394531;0.813872
17.396484;0.802089
17.398438;0.789985
17.400391;0.777566
17.402344;0.764835
17.404297;0.751798
17.406250;0.738461
17.408203;0.724828
17.410156;0.710906
17.412109;0.696699
17.414062;0.682213
17.416016;0.667455
17.417969;0.652429
17.419922;0.637143
17.421875;0.621601
17.423828;0.605811
17.425781;0.589779
17.427734;0.573511
17.429688;0.557013
17.431641;0.540293
17.433594;0.523356
17.435547;0.506211
17.437500;0.488862
17.439453;0.471319
17.441406;0.453586
17.443359;0.435672
17.445312;0.417584
17.447266;0.399329
17.449219;0.380915
17.451172;0.362347
17.453125;0.343635
17.455078;0.324786
17.457031;0.305806
17.458984;0.286705
17.460938;0.267488
17.462891;0.248165
17.464844;0.228742
17.466797;0.209228
17.468750;0.189630
17.470703;0.169956
17.472656;0.150215
17.474609;0.130413
17.476562;0.110559
17.478516;0.090661
17.480469;0.070726
17.482422;0.050763
17.484375;0.030780
17.486328;0.010785
17.488281;-0.009215
17.490234;-0.029211
17.492188;-0.049195
17.494141;-0.069159
17.496094;-0.089096
17.498047;-0.108998
17.500000;-0.128855
17.501953;-0.148662
17.503906;-0.168408
17.505859;-0.188088
17.507812;-0.207692
17.509766;-0.227213
17.511719;-0.246643
17.513672;-0.265975
17.515625;-0.285200
17.517578;-0.304311
17.519531;-0.323300
17.521484;-0.342160
17.523438;-0.360883
17.525391;-0.379462
17.527344;-0.397889
17.529297;-0.416157
17.531250;-0.434258
17.533203;-0.452186
17.535156;-0.469933
17.537109;-0.487492
17.539062;-0.504856
17.541016;-0.522018
17.542969;-0.538971
17.544922;-0.555708
17.546875;-0.572224
17.548828;-0.588510
17.550781;-0.604561
17.552734;-0.620370
17.554688;-0.635931
17.556641;-0.651238
17.558594;-0.666284
17.560547;-0.681064
17.562500;-0.695571
17.564453;-0.709800
17.566406;-0.723746
17.568359;-0.737401
17.570312;-0.750762
17.572266;-0.763822
17.574219;-0.776577
17.576172;-0.789022
17.578125;-0.801150
17.580078;-0.812958
17.582031;-0.824442
17.583984;-0.835595
17.585938;-0.846414
17.587891;-0.856894
17.589844;-0.867032
17.591797;-0.876823
17.593750;-0.886263
17.595703;-0.895349
17.597656;-0.904077
17.599609;-0.912443
17.601562;-0.920444
17.603516;-0.928077
17.605469;-0.935338
17.607422;-0.942226
17.609375;-0.948737
17.611328;-0.954868
17.613281;-0.960617
17.615234;-0.965982
17.617188;-0.970961
17.619141;-0.975551
17.621094;-0.979751
17.623047;-0.983559
17.625000;-0.986974
17.626953;-0.989994
17.628906;-0.992618
17.630859;-0.994845
17.632812;-0.996674
17.634766;-0.998104
17.636719;-0.999136
17.638672;-0.999767
17.640625;-0.999999
17.642578;-0.999830
17.644531;-0.999262
17.646484;-0.998294
17.648438;-0.996927
17.650391;-0.995161
17.652344;-0.992997
17.654297;-0.990435
17.656250;-0.987478
17.658203;-0.984126
17.660156;-0.980380
17.662109;-0.976241
17.664062;-0.971713
17.666016;-0.966795
17.667969;-0.961491
17.669922;-0.955803
17.671875;-0.949732
17.673828;-0.943281
17.675781;-0.936453
17.677734;-0.929250
17.679688;-0.921676
17.681641;-0.913733
17.683594;-0.905424
17.685547;-0.896754
17.687500;-0.887724
17.689453;-0.878340
17.691406;-0.868604
17.693359;-0.858521
17.695312;-0.848094
17.697266;-0.837328
17.699219;-0.826228
17.701172;-0.814796
17.703125;-0.803039
17.705078;-0.790961
17.707031;-0.778566
17.708984;-0.765860
17.710938;-0.752848
17.712891;-0.739534
17.714844;-0.725925
17.716797;-0.712025
17.718750;-0.697840
17.720703;-0.683377
17.722656;-0.668640
17.724609;-0.653635
17.726562;-0.638369
17.728516;-0.622848
17.730469;-0.607078
17.732422;-0.591065
17.734375;-0.574815
17.736328;-0.558335
17.738281;-0.541633
17.740234;-0.524713
17.742188;-0.507584
17.744141;-0.490251
17.746094;-0.472723
17.748047;-0.455005
17.750000;-0.437106
17.751953;-0.419031
17.753906;-0.400789
17.755859;-0.382387
17.757812;-0.363831
17.759766;-0.345131
17.761719;-0.326292
17.763672;-0.307322
17.765625;-0.288230
17.767578;-0.269022
17.769531;-0.249707
17.771484;-0.230292
17.773438;-0.210785
17.775391;-0.191194
17.777344;-0.171526
17.779297;-0.151789
17.781250;-0.131992
17.783203;-0.112142
17.785156;-0.092247
17.787109;-0.072315
17.789062;-0.052354
17.791016;-0.032372
17.792969;-0.012378
17.794922;0.007622
17.796875;0.027619
17.798828;0.047604
17.800781;0.067570
17.802734;0.087510
17.804688;0.107414
17.806641;0.127276
17.808594;0.147086
17.810547;0.166838
17.812500;0.186523
17.814453;0.206134
17.816406;0.225662
17.818359;0.245099
17.820312;0.264439
17.822266;0.283673
17.824219;0.302793
17.826172;0.321792
17.828125;0.340663
17.830078;0.359397
17.832031;0.377988
17.833984;0.396427
17.835938;0.414708
17.837891;0.432823
17.839844;0.450765
17.841797;0.468526
17.843750;0.486100
17.845703;0.503480
17.847656;0.520658
17.849609;0.537628
17.851562;0.554383
17.853516;0.570917
17.855469;0.587222
17.857422;0.603292
17.859375;0.619120
17.861328;0.634701
17.863281;0.650029
17.865234;0.665096
17.867188;0.679897
17.869141;0.694426
17.871094;0.708678
17.873047;0.722646
17.875000;0.736324
17.876953;0.749709
17.878906;0.762793
17.880859;0.775573
17.882812;0.788042
17.884766;0.800196
17.886719;0.812030
17.888672;0.823539
17.890625;0.834719
17.892578;0.845565
17.894531;0.856072
17.896484;0.866238
17.898438;0.876056
17.900391;0.885525
17.902344;0.894639
17.904297;0.903395
17.906250;0.911790
17.908203;0.919820
17.910156;0.927483
17.912109;0.934774
17.914062;0.941691
17.916016;0.948232
17.917969;0.954394
17.919922;0.960173
17.921875;0.965569
17.923828;0.970579
17.925781;0.975200
17.927734;0.979431
17.929688;0.983270
17.931641;0.986717
17.933594;0.989768
17.935547;0.992424
17.937500;0.994682
17.939453;0.996543
17.941406;0.998005
17.943359;0.999068
17.945312;0.999731
17.947266;0.999995
17.949219;0.999858
17.951172;0.999322
17.953125;0.998386
17.955078;0.997050
17.957031;0.995316
17.958984;0.993184
17.960938;0.990654
17.962891;0.987728
17.964844;0.984407
17.966797;0.980692
17.968750;0.976585
17.970703;0.972088
17.972656;0.967201
17.974609;0.961928
17.976562;0.956270
17.978516;0.950229
17.980469;0.943808
17.982422;0.937010
17.984375;0.929837
17.986328;0.922293
17.988281;0.914379
17.990234;0.906099
17.992188;0.897457
17.994141;0.888456
17.996094;0.879100
17.998047;0.869392
18.000000;0.859336
18.001953;0.848937
18.003906;0.838198
18.005859;0.827124
18.007812;0.815719
18.009766;0.803987
18.011719;0.791934
18.013672;0.779565
18.015625;0.766883
18.017578;0.753895
18.019531;0.740605
18.021484;0.727019
18.023438;0.713142
18.025391;0.698980
18.027344;0.684539
18.029297;0.669823
18.031250;0.654840
18.033203;0.639595
18.035156;0.624093
18.037109;0.608343
18.039062;0.592349
18.041016;0.576118
18.042969;0.559656
18.044922;0.542971
18.046875;0.526068
18.048828;0.508955
18.050781;0.491639
18.052734;0.474126
18.054688;0.456423
18.056641;0.438538
18.058594;0.420477
18.060547;0.402248
18.062500;0.383858
18.064453;0.365315
18.066406;0.346625
18.068359;0.327797
18.070312;0.308838
18.072266;0.289755
18.074219;0.270556
18.076172;0.251249
18.078125;0.231842
18.080078;0.212342
18.082031;0.192757
18.083984;0.173094
18.085938;0.153363
18.087891;0.133570
18.089844;0.113724
18.091797;0.093832
18.093750;0.073903
18.095703;0.053945
18.097656;0.033964
18.099609;0.013970
18.101562;-0.006029
18.103516;-0.026026
18.105469;-0.046013
18.107422;-0.065981
18.109375;-0.085923
18.111328;-0.105831
18.113281;-0.125696
18.115234;-0.145511
18.117188;-0.165268
18.119141;-0.184958
18.121094;-0.204575
18.123047;-0.224110
18.125000;-0.243555
18.126953;-0.262902
18.128906;-0.282145
18.130859;-0.301275
18.132812;-0.320284
18.134766;-0.339165
18.136719;-0.357911
18.138672;-0.376513
18.140625;-0.394965
18.142578;-0.413258
18.144531;-0.431387
18.146484;-0.449343
18.148438;-0.467119
18.150391;-0.484708
18.152344;-0.502103
18.154297;-0.519298
18.156250;-0.536285
18.158203;-0.553057
18.160156;-0.569608
18.162109;-0.585932
18.164062;-0.602021
18.166016;-0.617869
18.167969;-0.633470
18.169922;-0.648817
18.171875;-0.663906
18.173828;-0.678728
18.175781;-0.693279
18.177734;-0.707553
18.179688;-0.721544
18.181641;-0.735246
18.183594;-0.748654
18.185547;-0.761762
18.187500;-0.774566
18.189453;-0.787060
18.191406;-0.799240
18.193359;-0.811099
18.195312;-0.822635
18.197266;-0.833841
18.199219;-0.844713
18.201172;-0.855248
18.203125;-0.865441
18.205078;-0.875287
18.207031;-0.884784
18.208984;-0.893926
18.210938;-0.902711
18.212891;-0.911135
18.214844;-0.919194
18.216797;-0.926886
18.218750;-0.934207
18.220703;-0.941154
18.222656;-0.947725
18.224609;-0.953917
18.226562;-0.959727
18.228516;-0.965153
18.230469;-0.970194
18.232422;-0.974846
18.234375;-0.979108
18.236328;-0.982979
18.238281;-0.986457
18.240234;-0.989540
18.242188;-0.992227
18.244141;-0.994517
18.246094;-0.996409
18.248047;-0.997903
18.250000;-0.998998
18.251953;-0.999693
18.253906;-0.999989
18.255859;-0.999884
18.257812;-0.999379
18.259766;-0.998475
18.261719;-0.997171
18.263672;-0.995469
18.265625;-0.993368
18.267578;-0.990870
18.269531;-0.987976
18.271484;-0.984686
18.273438;-0.981003
18.275391;-0.976927
18.277344;-0.972460
18.279297;-0.967605
18.281250;-0.962362
18.283203;-0.956734
18.285156;-0.950724
18.287109;-0.944334
18.289062;-0.937566
18.291016;-0.930422
18.292969;-0.922907
18.294922;-0.915022
18.296875;-0.906772
18.298828;-0.898159
18.300781;-0.889186
18.302734;-0.879858
18.304688;-0.870178
18.306641;-0.860150
18.308594;-0.849778
18.310547;-0.839066
18.312500;-0.828018
18.314453;-0.816639
18.316406;-0.804933
18.318359;-0.792906
18.320312;-0.780561
18.322266;-0.767905
18.324219;-0.754941
18.326172;-0.741675
18.328125;-0.728112
18.330078;-0.714258
18.332031;-0.700118
18.333984;-0.685699
18.335938;-0.671005
18.337891;-0.656043
18.339844;-0.640818
18.341797;-0.625337
18.343750;-0.609606
18.345703;-0.593631
18.347656;-0.577419
18.349609;-0.560975
18.351562;-0.544308
18.353516;-0.527422
18.355469;-0.510326
18.357422;-0.493025
18.359375;-0.475527
18.361328;-0.457839
18.363281;-0.439968
18.365234;-0.421921
18.367188;-0.403705
18.369141;-0.385328
18.371094;-0.366797
18.373047;-0.348119
18.375000;-0.329301
18.376953;-0.310352
18.378906;-0.291279
18.380859;-0.272089
18.382812;-0.252791
18.384766;-0.233391
18.386719;-0.213898
18.388672;-0.194319
18.390625;-0.174663
18.392578;-0.154937
18.394531;-0.135149
18.396484;-0.115306
18.398438;-0.095418
18.400391;-0.075492
18.402344;-0.055535
18.404297;-0.035556
18.406250;-0.015563
18.408203;0.004437
18.410156;0.024434
18.412109;0.044422
18.414062;0.064392
18.416016;0.084336
18.417969;0.104247
18.419922;0.124116
18.421875;0.143935
18.423828;0.163697
18.425781;0.183393
18.427734;0.203015
18.429688;0.222557
18.431641;0.242010
18.433594;0.261365
18.435547;0.280617
18.437500;0.299756
18.439453;0.318775
18.441406;0.337666
18.443359;0.356423
18.445312;0.375037
18.447266;0.393501
18.449219;0.411807
18.451172;0.429949
18.453125;0.447919
18.455078;0.465710
18.457031;0.483314
18.458984;0.500725
18.460938;0.517936
18.462891;0.534940
18.464844;0.551730
18.466797;0.568299
18.468750;0.584640
18.470703;0.600748
18.472656;0.616616
18.474609;0.632237
18.476562;0.647605
18.478516;0.662714
18.480469;0.677558
18.482422;0.692130
18.484375;0.706427
18.486328;0.720440
18.488281;0.734165
18.490234;0.747597
18.492188;0.760730
18.494141;0.773558
18.496094;0.786077
18.498047;0.798282
18.500000;0.810167
18.501953;0.821728
18.503906;0.832960
18.505859;0.843860
18.507812;0.854422
18.509766;0.864642
18.511719;0.874516
18.513672;0.884040
18.515625;0.893211
18.517578;0.902025
18.519531;0.910477
18.521484;0.918566
18.523438;0.926287
18.525391;0.933637
18.527344;0.940615
18.529297;0.947216
18.531250;0.953438
18.533203;0.959278
18.535156;0.964735
18.537109;0.969807
18.539062;0.974490
18.541016;0.978783
18.542969;0.982685
18.544922;0.986194
18.546875;0.989309
18.548828;0.992027
18.550781;0.994349
18.552734;0.996273
18.554688;0.997799
18.556641;0.998926
18.558594;0.999653
18.560547;0.999980
18.562500;0.999907
18.564453;0.999434
18.566406;0.998562
18.568359;0.997290
18.570312;0.995619
18.572266;0.993550
18.574219;0.991083
18.576172;0.988221
18.578125;0.984962
18.580078;0.981310
18.582031;0.977266
18.583984;0.972830
18.585938;0.968005
18.587891;0.962794
18.589844;0.957197
18.591797;0.951217
18.593750;0.944857
18.595703;0.938118
18.597656;0.931005
18.599609;0.923519
18.601562;0.915664
18.603516;0.907442
18.605469;0.898858
18.607422;0.889914
18.609375;0.880614
18.611328;0.870962
18.613281;0.860961
18.615234;0.850616
18.617188;0.839931
18.619141;0.828910
18.621094;0.817557
18.623047;0.805878
18.625000;0.793876
18.626953;0.781556
18.628906;0.768924
18.630859;0.755984
18.632812;0.742742
18.634766;0.729203
18.636719;0.715372
18.638672;0.701255
18.640625;0.686857
18.642578;0.672185
18.644531;0.657244
18.646484;0.642040
18.648438;0.626579
18.650391;0.610868
18.652344;0.594912
18.654297;0.578718
18.656250;0.562293
18.658203;0.545643
18.660156;0.528775
18.662109;0.511695
18.664062;0.494410
18.666016;0.476928
18.667969;0.459255
18.669922;0.441398
18.671875;0.423365
18.673828;0.405162
18.675781;0.386797
18.677734;0.368278
18.679688;0.349611
18.681641;0.330805
18.683594;0.311866
18.685547;0.292802
18.687500;0.273621
18.689453;0.254331
18.691406;0.234939
18.693359;0.215453
18.695312;0.195881
18.697266;0.176231
18.699219;0.156510
18.701172;0.136727
18.703125;0.116888
18.705078;0.097003
18.707031;0.077080
18.708984;0.057125
18.710938;0.037148
18.712891;0.017155
18.714844;-0.002844
18.716797;-0.022842
18.718750;-0.042831
18.720703;-0.062802
18.722656;-0.082749
18.724609;-0.102663
18.726562;-0.122535
18.728516;-0.142359
18.730469;-0.162125
18.732422;-0.181827
18.734375;-0.201456
18.736328;-0.221004
18.738281;-0.240464
18.740234;-0.259828
18.742188;-0.279088
18.744141;-0.298236
18.746094;-0.317265
18.748047;-0.336167
18.750000;-0.354934
18.751953;-0.373560
18.753906;-0.392036
18.755859;-0.410355
18.757812;-0.428511
18.759766;-0.446495
18.761719;-0.464300
18.763672;-0.481919
18.765625;-0.499346
18.767578;-0.516573
18.769531;-0.533593
18.771484;-0.550400
18.773438;-0.566987
18.775391;-0.583347
18.777344;-0.599474
18.779297;-0.615361
18.781250;-0.631002
18.783203;-0.646390
18.785156;-0.661520
18.787109;-0.676385
18.789062;-0.690980
18.791016;-0.705298
18.792969;-0.719334
18.794922;-0.733083
18.796875;-0.746538
18.798828;-0.759695
18.800781;-0.772548
18.802734;-0.785092
18.804688;-0.797321
18.806641;-0.809232
18.808594;-0.820819
18.810547;-0.832078
18.812500;-0.843004
18.814453;-0.853593
18.816406;-0.863840
18.818359;-0.873742
18.820312;-0.883295
18.822266;-0.892494
18.824219;-0.901336
18.826172;-0.909817
18.828125;-0.917935
18.830078;-0.925686
18.832031;-0.933066
18.833984;-0.940073
18.835938;-0.946704
18.837891;-0.952956
18.839844;-0.958827
18.841797;-0.964315
18.843750;-0.969417
18.845703;-0.974131
18.847656;-0.978456
18.849609;-0.982389
18.851562;-0.985929
18.853516;-0.989075
18.855469;-0.991825
18.857422;-0.994179
18.859375;-0.996135
18.861328;-0.997692
18.863281;-0.998851
18.865234;-0.999609
18.867188;-0.999968
18.869141;-0.999927
18.871094;-0.999487
18.873047;-0.998646
18.875000;-0.997406
18.876953;-0.995767
18.878906;-0.993729
18.880859;-0.991294
18.882812;-0.988463
18.884766;-0.985236
18.886719;-0.981615
18.888672;-0.977602
18.890625;-0.973198
18.892578;-0.968404
18.894531;-0.963223
18.896484;-0.957656
18.898438;-0.951707
18.900391;-0.945377
18.902344;-0.938669
18.904297;-0.931585
18.906250;-0.924129
18.908203;-0.916303
18.910156;-0.908110
18.912109;-0.899555
18.914062;-0.890639
18.916016;-0.881367
18.917969;-0.871743
18.919922;-0.861770
18.921875;-0.851453
18.923828;-0.840794
18.925781;-0.829800
18.927734;-0.818473
18.929688;-0.806820
18.931641;-0.794843
18.933594;-0.782549
18.935547;-0.769941
18.937500;-0.757026
18.939453;-0.743807
18.941406;-0.730292
18.943359;-0.716484
18.945312;-0.702389
18.947266;-0.688014
18.949219;-0.673363
18.951172;-0.658444
18.953125;-0.643260
18.955078;-0.627820
18.957031;-0.612128
18.958984;-0.596191
18.960938;-0.580016
18.962891;-0.563609
18.964844;-0.546977
18.966797;-0.530126
18.968750;-0.513062
18.970703;-0.495794
18.972656;-0.478327
18.974609;-0.460669
18.976562;-0.442827
18.978516;-0.424807
18.980469;-0.406618
18.982422;-0.388266
18.984375;-0.369758
18.986328;-0.351103
18.988281;-0.332307
18.990234;-0.313379
18.992188;-0.294325
18.994141;-0.275153
18.996094;-0.255871
18.998047;-0.236487
19.000000;-0.217008
19.001953;-0.197443
19.003906;-0.177799
19.005859;-0.158083
19.007812;-0.138304
19.009766;-0.118470
19.011719;-0.098588
19.013672;-0.078668
19.015625;-0.058715
19.017578;-0.038739
19.019531;-0.018748
19.021484;0.001251
19.023438;0.021250
19.025391;0.041239
19.027344;0.061213
19.029297;0.081162
19.031250;0.101078
19.033203;0.120954
19.035156;0.140782
19.037109;0.160553
19.039062;0.180260
19.041016;0.199895
19.042969;0.219450
19.044922;0.238918
19.046875;0.258289
19.048828;0.277558
19.050781;0.296715
19.052734;0.315754
19.054688;0.334666
19.056641;0.353445
19.058594;0.372082
19.060547;0.390570
19.062500;0.408903
19.064453;0.427071
19.066406;0.445069
19.068359;0.462889
19.070312;0.480523
19.072266;0.497965
19.074219;0.515209
19.076172;0.532246
19.078125;0.549070
19.080078;0.565675
19.082031;0.582053
19.083984;0.598198
19.085938;0.614105
19.087891;0.629765
19.089844;0.645174
19.091797;0.660325
19.093750;0.675211
19.095703;0.689828
19.097656;0.704168
19.099609;0.718227
19.101562;0.731999
19.103516;0.745478
19.105469;0.758658
19.107422;0.771535
19.109375;0.784104
19.111328;0.796359
19.113281;0.808295
19.115234;0.819908
19.117188;0.831194
19.119141;0.842146
19.121094;0.852762
19.123047;0.863037
19.125000;0.872966
19.126953;0.882547
19.128906;0.891774
19.130859;0.900645
19.132812;0.909155
19.134766;0.917302
19.136719;0.925082
19.138672;0.932492
19.140625;0.939529
19.142578;0.946190
19.144531;0.952472
19.146484;0.958374
19.148438;0.963892
19.150391;0.969025
19.152344;0.973770
19.154297;0.978126
19.156250;0.982090
19.158203;0.985662
19.160156;0.988839
19.162109;0.991621
19.164062;0.994006
19.166016;0.995993
19.167969;0.997583
19.169922;0.998773
19.171875;0.999564
19.173828;0.999954
19.175781;0.999945
19.177734;0.999536
19.179688;0.998727
19.181641;0.997519
19.183594;0.995912
19.185547;0.993906
19.187500;0.991503
19.189453;0.988703
19.191406;0.985508
19.193359;0.981918
19.195312;0.977936
19.197266;0.973563
19.199219;0.968800
19.201172;0.963650
19.203125;0.958114
19.205078;0.952195
19.207031;0.945895
19.208984;0.939217
19.210938;0.932163
19.212891;0.924736
19.214844;0.916939
19.216797;0.908776
19.218750;0.900249
19.220703;0.891362
19.222656;0.882119
19.224609;0.872522
19.226562;0.862577
19.228516;0.852287
19.230469;0.841655
19.232422;0.830688
19.234375;0.819387
19.236328;0.807760
19.238281;0.795808
19.240234;0.783539
19.242188;0.770956
19.244141;0.758065
19.246094;0.744871
19.248047;0.731379
19.250000;0.717594
19.251953;0.703522
19.253906;0.689169
19.255859;0.674540
19.257812;0.659641
19.259766;0.644479
19.261719;0.629059
19.263672;0.613387
19.265625;0.597469
19.267578;0.581313
19.269531;0.564924
19.271484;0.548310
19.273438;0.531476
19.275391;0.514429
19.277344;0.497177
19.279297;0.479725
19.281250;0.462082
19.283203;0.444254
19.285156;0.426248
19.287109;0.408072
19.289062;0.389733
19.291016;0.371238
19.292969;0.352594
19.294922;0.333809
19.296875;0.314891
19.298828;0.295847
19.300781;0.276684
19.302734;0.257411
19.304688;0.238034
19.306641;0.218563
19.308594;0.199004
19.310547;0.179366
19.312500;0.159655
19.314453;0.139881
19.316406;0.120051
19.318359;0.100173
19.320312;0.080255
19.322266;0.060305
19.324219;0.040331
19.326172;0.020340
19.328125;0.000342
19.330078;-0.019657
19.332031;-0.039648
19.333984;-0.059623
19.335938;-0.079574
19.337891;-0.099494
19.339844;-0.119373
19.341797;-0.139205
19.343750;-0.158981
19.345703;-0.178693
19.347656;-0.198335
19.349609;-0.217896
19.351562;-0.237371
19.353516;-0.256750
19.355469;-0.276027
19.357422;-0.295194
19.359375;-0.314242
19.361328;-0.333165
19.363281;-0.351954
19.365234;-0.370603
19.367188;-0.389104
19.369141;-0.407449
19.371094;-0.425630
19.373047;-0.443642
19.375000;-0.461476
19.376953;-0.479126
19.378906;-0.496584
19.380859;-0.513843
19.382812;-0.530897
19.384766;-0.547738
19.386719;-0.564360
19.388672;-0.580757
19.390625;-0.596921
19.392578;-0.612847
19.394531;-0.628527
19.396484;-0.643956
19.398438;-0.659128
19.400391;-0.674036
19.402344;-0.688674
19.404297;-0.703037
19.406250;-0.717118
19.408203;-0.730913
19.410156;-0.744415
19.412109;-0.757620
19.414062;-0.770521
19.416016;-0.783114
19.417969;-0.795395
19.419922;-0.807357
19.421875;-0.818996
19.423828;-0.830307
19.425781;-0.841286
19.427734;-0.851929
19.429688;-0.862231
19.431641;-0.872188
19.433594;-0.881797
19.435547;-0.891052
19.437500;-0.899952
19.439453;-0.908491
19.441406;-0.916667
19.443359;-0.924476
19.445312;-0.931915
19.447266;-0.938982
19.449219;-0.945673
19.451172;-0.951986
19.453125;-0.957918
19.455078;-0.963467
19.457031;-0.968630
19.458984;-0.973406
19.460938;-0.977793
19.462891;-0.981789
19.464844;-0.985392
19.466797;-0.988600
19.468750;-0.991414
19.470703;-0.993831
19.472656;-0.995850
19.474609;-0.997471
19.476562;-0.998693
19.478516;-0.999515
19.480469;-0.999938
19.482422;-0.999961
19.484375;-0.999584
19.486328;-0.998806
19.488281;-0.997630
19.490234;-0.996054
19.492188;-0.994080
19.494141;-0.991709
19.496094;-0.988940
19.498047;-0.985777
19.500000;-0.982219
19.501953;-0.978267
19.503906;-0.973925
19.505859;-0.969193
19.507812;-0.964074
19.509766;-0.958569
19.511719;-0.952680
19.513672;-0.946410
19.515625;-0.939762
19.517578;-0.932738
19.519531;-0.925341
19.521484;-0.917574
19.523438;-0.909440
19.525391;-0.900941
19.527344;-0.892083
19.529297;-0.882868
19.531250;-0.873299
19.533203;-0.863382
19.535156;-0.853119
19.537109;-0.842515
19.539062;-0.831573
19.541016;-0.820299
19.542969;-0.808697
19.544922;-0.796772
19.546875;-0.784528
19.548828;-0.771970
19.550781;-0.759103
19.552734;-0.745933
19.554688;-0.732464
19.556641;-0.718702
19.558594;-0.704653
19.560547;-0.690322
19.562500;-0.675715
19.564453;-0.660838
19.566406;-0.645696
19.568359;-0.630296
19.570312;-0.614644
19.572266;-0.598746
19.574219;-0.582608
19.576172;-0.566238
19.578125;-0.549641
19.580078;-0.532824
19.582031;-0.515794
19.583984;-0.498558
19.585938;-0.481122
19.587891;-0.463494
19.589844;-0.445681
19.591797;-0.427689
19.593750;-0.409526
19.595703;-0.391199
19.597656;-0.372716
19.599609;-0.354084
19.601562;-0.335310
19.603516;-0.316402
19.605469;-0.297368
19.607422;-0.278214
19.609375;-0.258949
19.611328;-0.239581
19.613281;-0.220117
19.615234;-0.200565
19.617188;-0.180932
19.619141;-0.161228
19.621094;-0.141458
19.623047;-0.121632
19.625000;-0.101758
19.626953;-0.081843
19.628906;-0.061895
19.630859;-0.041922
19.632812;-0.021933
19.634766;-0.001934
19.636719;0.018065
19.638672;0.038056
19.640625;0.058033
19.642578;0.077986
19.644531;0.097909
19.646484;0.117792
19.648438;0.137627
19.650391;0.157408
19.652344;0.177126
19.654297;0.196773
19.656250;0.216342
19.658203;0.235823
19.660156;0.255211
19.662109;0.274496
19.664062;0.293672
19.666016;0.312730
19.667969;0.331663
19.669922;0.350463
19.671875;0.369123
19.673828;0.387636
19.675781;0.405993
19.677734;0.424189
19.679688;0.442214
19.681641;0.460063
19.683594;0.477727
19.685547;0.495201
19.687500;0.512476
19.689453;0.529546
19.691406;0.546405
19.693359;0.563045
19.695312;0.579460
19.697266;0.595643
19.699219;0.611588
19.701172;0.627288
19.703125;0.642737
19.705078;0.657929
19.707031;0.672858
19.708984;0.687518
19.710938;0.701903
19.712891;0.716007
19.714844;0.729825
19.716797;0.743351
19.718750;0.756579
19.720703;0.769505
19.722656;0.782123
19.724609;0.794428
19.726562;0.806416
19.728516;0.818081
19.730469;0.829418
19.732422;0.840424
19.734375;0.851094
19.736328;0.861423
19.738281;0.871408
19.740234;0.881044
19.742188;0.890328
19.744141;0.899256
19.746094;0.907824
19.748047;0.916029
19.750000;0.923867
19.751953;0.931336
19.753906;0.938433
19.755859;0.945154
19.757812;0.951497
19.759766;0.957459
19.761719;0.963039
19.763672;0.968233
19.765625;0.973040
19.767578;0.977458
19.769531;0.981485
19.771484;0.985119
19.773438;0.988359
19.775391;0.991204
19.777344;0.993653
19.779297;0.995704
19.781250;0.997356
19.783203;0.998610
19.785156;0.999464
19.787109;0.999919
19.789062;0.999974
19.791016;0.999628
19.792969;0.998883
19.794922;0.997738
19.796875;0.996194
19.798828;0.994252
19.800781;0.991912
19.802734;0.989175
19.804688;0.986043
19.806641;0.982516
19.808594;0.978597
19.810547;0.974285
19.812500;0.969584
19.814453;0.964496
19.816406;0.959021
19.818359;0.953163
19.820312;0.946924
19.822266;0.940306
19.824219;0.933311
19.826172;0.925944
19.828125;0.918206
19.830078;0.910101
19.832031;0.901631
19.833984;0.892802
19.835938;0.883615
19.837891;0.874074
19.839844;0.864184
19.841797;0.853949
19.843750;0.843371
19.845703;0.832457
19.847656;0.821209
19.849609;0.809633
19.851562;0.797733
19.853516;0.785514
19.855469;0.772981
19.857422;0.760139
19.859375;0.746993
19.861328;0.733548
19.863281;0.719809
19.865234;0.705782
19.867188;0.691474
19.869141;0.676888
19.871094;0.662032
19.873047;0.646911
19.875000;0.631532
19.876953;0.615899
19.878906;0.600021
19.880859;0.583902
19.882812;0.567550
19.884766;0.550971
19.886719;0.534171
19.888672;0.517158
19.890625;0.499938
19.892578;0.482518
19.894531;0.464905
19.896484;0.447106
19.898438;0.429128
19.900391;0.410978
19.902344;0.392665
19.904297;0.374194
19.906250;0.355573
19.908203;0.336810
19.910156;0.317913
19.912109;0.298888
19.914062;0.279744
19.916016;0.260487
19.917969;0.241127
19.919922;0.221670
19.921875;0.202125
19.923828;0.182499
19.925781;0.162799
19.927734;0.143035
19.929688;0.123213
19.931641;0.103342
19.933594;0.083430
19.935547;0.063484
19.937500;0.043513
19.939453;0.023525
19.941406;0.003527
19.943359;-0.016472
19.945312;-0.036465
19.947266;-0.056443
19.949219;-0.076398
19.951172;-0.096323
19.953125;-0.116210
19.955078;-0.136050
19.957031;-0.155835
19.958984;-0.175558
19.960938;-0.195211
19.962891;-0.214786
19.964844;-0.234275
19.966797;-0.253670
19.968750;-0.272964
19.970703;-0.292149
19.972656;-0.311217
19.974609;-0.330160
19.976562;-0.348971
19.978516;-0.367643
19.980469;-0.386167
19.982422;-0.404537
19.984375;-0.422746
19.986328;-0.440785
19.988281;-0.458648
19.990234;-0.476327
19.992188;-0.493816
19.994141;-0.511108
19.996094;-0.528195
19.998047;-0.545070
20.000000;-0.561728
20.001953;-0.578161
20.003906;-0.594363
20.005859;-0.610327
20.007812;-0.626047
20.009766;-0.641516
20.011719;-0.656729
20.013672;-0.671679
20.015625;-0.686361
20.017578;-0.700768
20.019531;-0.714894
20.021484;-0.728735
20.023438;-0.742284
20.025391;-0.755537
20.027344;-0.768487
20.029297;-0.781130
20.031250;-0.793460
20.033203;-0.805473
20.035156;-0.817164
20.037109;-0.828528
20.039062;-0.839560
20.041016;-0.850257
20.042969;-0.860613
20.044922;-0.870626
20.046875;-0.880290
20.048828;-0.889602
20.050781;-0.898558
20.052734;-0.907155
20.054688;-0.915389
20.056641;-0.923257
20.058594;-0.930755
20.060547;-0.937881
20.062500;-0.944633
20.064453;-0.951006
20.066406;-0.956999
20.068359;-0.962609
20.070312;-0.967834
20.072266;-0.972672
20.074219;-0.977121
20.076172;-0.981179
20.078125;-0.984844
20.080078;-0.988116
20.082031;-0.990992
20.083984;-0.993472
20.085938;-0.995555
20.087891;-0.997239
20.089844;-0.998525
20.091797;-0.999411
20.093750;-0.999897
20.095703;-0.999984
20.097656;-0.999670
20.099609;-0.998957
20.101562;-0.997844
20.103516;-0.996332
20.105469;-0.994421
20.107422;-0.992113
20.109375;-0.989408
20.111328;-0.986307
20.113281;-0.982812
20.115234;-0.978923
20.117188;-0.974643
20.119141;-0.969973
20.121094;-0.964915
20.123047;-0.959471
20.125000;-0.953644
20.126953;-0.947434
20.128906;-0.940846
20.130859;-0.933882
20.132812;-0.926544
20.134766;-0.918836
20.136719;-0.910760
20.138672;-0.902319
20.140625;-0.893518
20.142578;-0.884359
20.144531;-0.874847
20.146484;-0.864985
20.148438;-0.854776
20.150391;-0.844226
20.152344;-0.833338
20.154297;-0.822117
20.156250;-0.810567
20.158203;-0.798693
20.160156;-0.786499
20.162109;-0.773991
20.164062;-0.761173
20.166016;-0.748051
20.167969;-0.734629
20.169922;-0.720914
20.171875;-0.706910
20.173828;-0.692623
20.175781;-0.678060
20.177734;-0.663225
20.179688;-0.648125
20.181641;-0.632766
20.183594;-0.617153
20.185547;-0.601294
20.187500;-0.585194
20.189453;-0.568861
20.191406;-0.552299
20.193359;-0.535517
20.195312;-0.518520
20.197266;-0.501317
20.199219;-0.483912
20.201172;-0.466314
20.203125;-0.448530
20.205078;-0.430566
20.207031;-0.412430
20.208984;-0.394129
20.210938;-0.375670
20.212891;-0.357061
20.214844;-0.338309
20.216797;-0.319422
20.218750;-0.300407
20.220703;-0.281272
20.222656;-0.262025
20.224609;-0.242673
20.226562;-0.223223
20.228516;-0.203684
20.230469;-0.184064
20.232422;-0.164370
20.234375;-0.144611
20.236328;-0.124794
20.238281;-0.104926
20.240234;-0.085017
20.242188;-0.065074
20.244141;-0.045104
20.246094;-0.025117
20.248047;-0.005120
20.250000;0.014880
20.251953;0.034873
20.253906;0.054853
20.255859;0.074810
20.257812;0.094738
20.259766;0.114628
20.261719;0.134472
20.263672;0.154262
20.265625;0.173990
20.267578;0.193649
20.269531;0.213230
20.271484;0.232726
20.273438;0.252129
20.275391;0.271432
20.277344;0.290625
20.279297;0.309703
20.281250;0.328656
20.283203;0.347478
20.285156;0.366161
20.287109;0.384698
20.289062;0.403080
20.291016;0.421302
20.292969;0.439355
20.294922;0.457232
20.296875;0.474926
20.298828;0.492431
20.300781;0.509738
20.302734;0.526842
20.304688;0.543734
20.306641;0.560410
20.308594;0.576861
20.310547;0.593081
20.312500;0.609064
20.314453;0.624804
20.316406;0.640293
20.318359;0.655527
20.320312;0.670498
20.322266;0.685201
20.324219;0.699630
20.326172;0.713780
20.328125;0.727643
20.330078;0.741216
20.332031;0.754492
20.333984;0.767467
20.335938;0.780134
20.337891;0.792490
20.339844;0.804528
20.341797;0.816245
20.343750;0.827635
20.345703;0.838694
20.347656;0.849417
20.349609;0.859801
20.351562;0.869841
20.353516;0.879533
20.355469;0.888873
20.357422;0.897858
20.359375;0.906484
20.361328;0.914747
20.363281;0.922644
20.365234;0.930172
20.367188;0.937328
20.369141;0.944109
20.371094;0.950512
20.373047;0.956535
20.375000;0.962176
20.376953;0.967432
20.378906;0.972301
20.380859;0.976781
20.382812;0.980870
20.384766;0.984567
20.386719;0.987870
20.388672;0.990778
20.390625;0.993289
20.392578;0.995404
20.394531;0.997120
20.396484;0.998437
20.398438;0.999355
20.400391;0.999873
20.402344;0.999992
20.404297;0.999710
20.406250;0.999028
20.408203;0.997947
20.410156;0.996467
20.412109;0.994588
20.414062;0.992311
20.416016;0.989638
20.417969;0.986568
20.419922;0.983104
20.421875;0.979247
20.423828;0.974998
20.425781;0.970359
20.427734;0.965332
20.429688;0.959919
20.431641;0.954122
20.433594;0.947943
20.435547;0.941385
20.437500;0.934450
20.439453;0.927142
20.441406;0.919463
20.443359;0.911416
20.445312;0.903005
20.447266;0.894232
20.449219;0.885102
20.451172;0.875617
20.453125;0.865783
20.455078;0.855602
20.457031;0.845079
20.458984;0.834218
20.460938;0.823023
20.462891;0.811499
20.464844;0.799650
20.466797;0.787482
20.468750;0.774998
20.470703;0.762205
20.472656;0.749107
20.474609;0.735709
20.476562;0.722017
20.478516;0.708036
20.480469;0.693771
20.482422;0.679230
20.484375;0.664416
20.486328;0.649337
20.488281;0.633998
20.490234;0.618406
20.492188;0.602566
20.494141;0.586485
20.496094;0.570170
20.498047;0.553626
20.500000;0.536861
20.501953;0.519882
20.503906;0.502694
20.505859;0.485305
20.507812;0.467723
20.509766;0.449953
20.511719;0.432003
20.513672;0.413880
20.515625;0.395592
20.517578;0.377146
20.519531;0.358548
20.521484;0.339808
20.523438;0.320931
20.525391;0.301926
20.527344;0.282800
20.529297;0.263562
20.531250;0.244217
20.533203;0.224775
20.535156;0.205243
20.537109;0.185630
20.539062;0.165941
20.541016;0.146187
20.542969;0.126374
20.544922;0.106510
20.546875;0.086604
20.548828;0.066663
20.550781;0.046696
20.552734;0.026709
20.554688;0.006712
20.556641;-0.013287
20.558594;-0.033281
20.560547;-0.053262
20.562500;-0.073222
20.564453;-0.093152
20.566406;-0.113045
20.568359;-0.132893
20.570312;-0.152688
20.572266;-0.172422
20.574219;-0.192086
20.576172;-0.211674
20.578125;-0.231177
20.580078;-0.250588
20.582031;-0.269898
20.583984;-0.289101
20.585938;-0.308188
20.587891;-0.327151
20.589844;-0.345984
20.591797;-0.364679
20.593750;-0.383227
20.595703;-0.401622
20.597656;-0.419857
20.599609;-0.437923
20.601562;-0.455815
20.603516;-0.473524
20.605469;-0.491044
20.607422;-0.508367
20.609375;-0.525487
20.611328;-0.542397
20.613281;-0.559090
20.615234;-0.575559
20.617188;-0.591798
20.619141;-0.607800
20.621094;-0.623559
20.623047;-0.639069
20.625000;-0.654323
20.626953;-0.669316
20.628906;-0.684040
20.630859;-0.698492
20.632812;-0.712663
20.634766;-0.726550
20.636719;-0.740146
20.638672;-0.753446
20.640625;-0.766445
20.642578;-0.779137
20.644531;-0.791517
20.646484;-0.803581
20.648438;-0.815323
20.650391;-0.826740
20.652344;-0.837825
20.654297;-0.848576
20.656250;-0.858987
20.658203;-0.869054
20.660156;-0.878774
20.662109;-0.888143
20.664062;-0.897156
20.666016;-0.905810
20.667969;-0.914102
20.669922;-0.922028
20.671875;-0.929586
20.673828;-0.936772
20.675781;-0.943583
20.677734;-0.950016
20.679688;-0.956070
20.681641;-0.961741
20.683594;-0.967027
20.685547;-0.971927
20.687500;-0.976438
20.689453;-0.980558
20.691406;-0.984287
20.693359;-0.987621
20.695312;-0.990561
20.697266;-0.993104
20.699219;-0.995250
20.701172;-0.996998
20.703125;-0.998347
20.705078;-0.999297
20.707031;-0.999847
20.708984;-0.999997
20.710938;-0.999747
20.712891;-0.999097
20.714844;-0.998048
20.716797;-0.996600
20.718750;-0.994752
20.720703;-0.992507
20.722656;-0.989865
20.724609;-0.986827
20.726562;-0.983395
20.728516;-0.979569
20.730469;-0.975351
20.732422;-0.970743
20.734375;-0.965747
20.736328;-0.960364
20.738281;-0.954597
20.740234;-0.948449
20.742188;-0.941921
20.744141;-0.935016
20.746094;-0.927738
20.748047;-0.920088
20.750000;-0.912070
20.751953;-0.903688
20.753906;-0.894944
20.755859;-0.885842
20.757812;-0.876386
20.759766;-0.866579
20.761719;-0.856425
20.763672;-0.845929
20.765625;-0.835095
20.767578;-0.823926
20.769531;-0.812428
20.771484;-0.800606
20.773438;-0.788462
20.775391;-0.776004
20.777344;-0.763235
20.779297;-0.750161
20.781250;-0.736787
20.783203;-0.723118
20.785156;-0.709159
20.787109;-0.694918
20.789062;-0.680398
20.791016;-0.665606
20.792969;-0.650548
20.794922;-0.635229
20.796875;-0.619657
20.798828;-0.603836
20.800781;-0.587774
20.802734;-0.571478
20.804688;-0.554952
20.806641;-0.538204
20.808594;-0.521242
20.810547;-0.504070
20.812500;-0.486697
20.814453;-0.469130
20.816406;-0.451375
20.818359;-0.433439
20.820312;-0.415330
20.822266;-0.397054
20.824219;-0.378620
20.826172;-0.360035
20.828125;-0.341305
20.830078;-0.322439
20.832031;-0.303444
20.833984;-0.284328
20.835938;-0.265098
20.837891;-0.245761
20.839844;-0.226327
20.841797;-0.206802
20.843750;-0.187194
20.845703;-0.167512
20.847656;-0.147762
20.849609;-0.127953
20.851562;-0.108094
20.853516;-0.088190
20.855469;-0.068252
20.857422;-0.048286
20.859375;-0.028301
20.861328;-0.008305
20.863281;0.011695
20.865234;0.031689
20.867188;0.051672
20.869141;0.071633
20.871094;0.091566
20.873047;0.111463
20.875000;0.131314
20.876953;0.151114
20.878906;0.170852
20.880859;0.190523
20.882812;0.210117
20.884766;0.229627
20.886719;0.249046
20.888672;0.268364
20.890625;0.287576
20.892578;0.306672
20.894531;0.325646
20.896484;0.344489
20.898438;0.363195
20.900391;0.381755
20.902344;0.400163
20.904297;0.418411
20.906250;0.436491
20.908203;0.454397
20.910156;0.472121
20.912109;0.489656
20.914062;0.506995
20.916016;0.524131
20.917969;0.541058
20.919922;0.557768
20.921875;0.574256
20.923828;0.590513
20.925781;0.606535
20.927734;0.622313
20.929688;0.637843
20.931641;0.653118
20.933594;0.668132
20.935547;0.682878
20.937500;0.697351
20.939453;0.711545
20.941406;0.725455
20.943359;0.739074
20.945312;0.752398
20.947266;0.765421
20.949219;0.778137
20.951172;0.790543
20.953125;0.802632
20.955078;0.814400
20.957031;0.825843
20.958984;0.836955
20.960938;0.847732
20.962891;0.858170
20.964844;0.868265
20.966797;0.878013
20.968750;0.887409
20.970703;0.896451
20.972656;0.905134
20.974609;0.913455
20.976562;0.921411
20.978516;0.928998
20.980469;0.936213
20.982422;0.943054
20.984375;0.949518
20.986328;0.955602
20.988281;0.961303
20.990234;0.966621
20.992188;0.971551
20.994141;0.976093
20.996094;0.980245
20.998047;0.984004
21.000000;0.987370
21.001953;0.990341
21.003906;0.992916
21.005859;0.995093
21.007812;0.996873
21.009766;0.998254
21.011719;0.999236
21.013672;0.999818
21.015625;1.000000
21.017578;0.999782
21.019531;0.999164
21.021484;0.998146
21.023438;0.996729
21.025391;0.994914
21.027344;0.992701
21.029297;0.990090
21.031250;0.987084
21.033203;0.983682
21.035156;0.979888
21.037109;0.975701
21.039062;0.971124
21.041016;0.966159
21.042969;0.960807
21.044922;0.955071
21.046875;0.948952
21.048828;0.942455
21.050781;0.935580
21.052734;0.928331
21.054688;0.920711
21.056641;0.912722
21.058594;0.904369
21.060547;0.895653
21.062500;0.886580
21.064453;0.877151
21.066406;0.867372
21.068359;0.857246
21.070312;0.846778
21.072266;0.835970
21.074219;0.824828
21.076172;0.813356
21.078125;0.801559
21.080078;0.789441
21.082031;0.777008
21.083984;0.764263
21.085938;0.751213
21.087891;0.737862
21.089844;0.724217
21.091797;0.710281
21.093750;0.696062
21.095703;0.681564
21.097656;0.666794
21.099609;0.651756
21.101562;0.636458
21.103516;0.620906
21.105469;0.605105
21.107422;0.589062
21.109375;0.572784
21.111328;0.556276
21.113281;0.539546
21.115234;0.522600
21.117188;0.505445
21.119141;0.488088
21.121094;0.470536
21.123047;0.452795
21.125000;0.434874
21.126953;0.416778
21.128906;0.398516
21.130859;0.380094
21.132812;0.361520
21.134766;0.342802
21.136719;0.323946
21.138672;0.304961
21.140625;0.285854
21.142578;0.266633
21.144531;0.247305
21.146484;0.227878
21.148438;0.208360
21.150391;0.188759
21.152344;0.169082
21.154297;0.149337
21.156250;0.129533
21.158203;0.109677
21.160156;0.089777
21.162109;0.069841
21.164062;0.049877
21.166016;0.029893
21.167969;0.009898
21.169922;-0.010102
21.171875;-0.030098
21.173828;-0.050081
21.175781;-0.070045
21.177734;-0.089980
21.179688;-0.109880
21.181641;-0.129735
21.183594;-0.149539
21.185547;-0.169283
21.187500;-0.188959
21.189453;-0.208560
21.191406;-0.228077
21.193359;-0.247503
21.195312;-0.266830
21.197266;-0.286050
21.199219;-0.305156
21.201172;-0.324140
21.203125;-0.342994
21.205078;-0.361711
21.207031;-0.380283
21.208984;-0.398703
21.210938;-0.416964
21.212891;-0.435057
21.214844;-0.452977
21.216797;-0.470716
21.218750;-0.488266
21.220703;-0.505621
21.222656;-0.522774
21.224609;-0.539718
21.226562;-0.556446
21.228516;-0.572951
21.230469;-0.589227
21.232422;-0.605268
21.234375;-0.621066
21.236328;-0.636616
21.238281;-0.651911
21.240234;-0.666946
21.242188;-0.681713
21.244141;-0.696208
21.246094;-0.710425
21.248047;-0.724358
21.250000;-0.738000
21.251953;-0.751348
21.253906;-0.764395
21.255859;-0.777136
21.257812;-0.789566
21.259766;-0.801681
21.261719;-0.813475
21.263672;-0.824943
21.265625;-0.836082
21.267578;-0.846886
21.269531;-0.857352
21.271484;-0.867474
21.273438;-0.877249
21.275391;-0.886674
21.277344;-0.895744
21.279297;-0.904456
21.281250;-0.912806
21.283203;-0.920790
21.285156;-0.928407
21.287109;-0.935652
21.289062;-0.942523
21.291016;-0.949017
21.292969;-0.955131
21.294922;-0.960863
21.296875;-0.966211
21.298828;-0.971173
21.300781;-0.975746
21.302734;-0.979928
21.304688;-0.983719
21.306641;-0.987116
21.308594;-0.990119
21.310547;-0.992725
21.312500;-0.994935
21.314453;-0.996746
21.316406;-0.998159
21.318359;-0.999172
21.320312;-0.999786
21.322266;-1.000000
21.324219;-0.999814
21.326172;-0.999228
21.328125;-0.998242
21.330078;-0.996857
21.332031;-0.995073
21.333984;-0.992891
21.335938;-0.990313
21.337891;-0.987338
21.339844;-0.983968
21.341797;-0.980204
21.343750;-0.976049
21.345703;-0.971503
21.347656;-0.966568
21.349609;-0.961247
21.351562;-0.955541
21.353516;-0.949454
21.355469;-0.942986
21.357422;-0.936141
21.359375;-0.928922
21.361328;-0.921331
21.363281;-0.913372
21.365234;-0.905047
21.367188;-0.896361
21.369141;-0.887315
21.371094;-0.877915
21.373047;-0.868164
21.375000;-0.858065
21.376953;-0.847624
21.378906;-0.836843
21.380859;-0.825727
21.382812;-0.814282
21.384766;-0.802510
21.386719;-0.790418
21.388672;-0.778009
21.390625;-0.765289
21.392578;-0.752263
21.394531;-0.738937
21.396484;-0.725314
21.398438;-0.711402
21.400391;-0.697205
21.402344;-0.682729
21.404297;-0.667980
21.406250;-0.652964
21.408203;-0.637686
21.410156;-0.622154
21.412109;-0.606372
21.414062;-0.590349
21.416016;-0.574089
21.417969;-0.557599
21.419922;-0.540886
21.421875;-0.523957
21.423828;-0.506819
21.425781;-0.489478
21.427734;-0.471941
21.429688;-0.454215
21.431641;-0.436307
21.433594;-0.418225
21.435547;-0.399976
21.437500;-0.381567
21.439453;-0.363005
21.441406;-0.344298
21.443359;-0.325453
21.445312;-0.306478
21.447266;-0.287380
21.449219;-0.268168
21.451172;-0.248848
21.453125;-0.229429
21.455078;-0.209918
21.457031;-0.190323
21.458984;-0.170651
21.460938;-0.150912
21.462891;-0.131112
21.464844;-0.111260
21.466797;-0.091363
21.468750;-0.071430
21.470703;-0.051468
21.472656;-0.031485
21.474609;-0.011490
21.476562;0.008509
21.478516;0.028505
21.480469;0.048490
21.482422;0.068456
21.484375;0.088394
21.486328;0.108297
21.488281;0.128156
21.490234;0.147964
21.492188;0.167713
21.494141;0.187395
21.496094;0.207002
21.498047;0.226526
21.500000;0.245959
21.501953;0.265294
21.503906;0.284523
21.505859;0.303639
21.507812;0.322632
21.509766;0.341497
21.511719;0.360225
21.513672;0.378809
21.515625;0.397242
21.517578;0.415515
21.519531;0.433623
21.521484;0.451557
21.523438;0.469310
21.525391;0.486876
21.527344;0.504247
21.529297;0.521416
21.531250;0.538376
21.533203;0.555122
21.535156;0.571645
21.537109;0.587940
21.539062;0.603999
21.541016;0.619817
21.542969;0.635387
21.544922;0.650703
21.546875;0.665758
21.548828;0.680547
21.550781;0.695064
21.552734;0.709303
21.554688;0.723259
21.556641;0.736925
21.558594;0.750296
21.560547;0.763367
21.562500;0.776133
21.564453;0.788588
21.566406;0.800728
21.568359;0.812548
21.570312;0.824042
21.572266;0.835207
21.574219;0.846038
21.576172;0.856531
21.578125;0.866681
21.580078;0.876484
21.582031;0.885936
21.583984;0.895035
21.585938;0.903775
21.587891;0.912154
21.589844;0.920168
21.591797;0.927814
21.593750;0.935089
21.595703;0.941989
21.597656;0.948514
21.599609;0.954658
21.601562;0.960421
21.603516;0.965800
21.605469;0.970792
21.607422;0.975396
21.609375;0.979610
21.611328;0.983432
21.613281;0.986860
21.615234;0.989894
21.617188;0.992532
21.619141;0.994773
21.621094;0.996616
21.623047;0.998061
21.625000;0.999106
21.626953;0.999752
21.628906;0.999997
21.630859;0.999843
21.632812;0.999289
21.634766;0.998335
21.636719;0.996982
21.638672;0.995230
21.640625;0.993080
21.642578;0.990533
21.644531;0.987589
21.646484;0.984251
21.648438;0.980518
21.650391;0.976394
21.652344;0.971879
21.654297;0.966975
21.656250;0.961685
21.658203;0.956010
21.660156;0.949952
21.662109;0.943515
21.664062;0.936700
21.666016;0.929511
21.667969;0.921949
21.669922;0.914019
21.671875;0.905723
21.673828;0.897065
21.675781;0.888049
21.677734;0.878677
21.679688;0.868953
21.681641;0.858882
21.683594;0.848468
21.685547;0.837714
21.687500;0.826625
21.689453;0.815205
21.691406;0.803459
21.693359;0.791392
21.695312;0.779009
21.697266;0.766314
21.699219;0.753312
21.701172;0.740009
21.703125;0.726410
21.705078;0.712520
21.707031;0.698346
21.708984;0.683892
21.710938;0.669164
21.712891;0.654169
21.714844;0.638912
21.716797;0.623400
21.718750;0.607638
21.720703;0.591633
21.722656;0.575392
21.724609;0.558921
21.726562;0.542225
21.728516;0.525313
21.730469;0.508191
21.732422;0.490866
21.734375;0.473344
21.736328;0.455633
21.738281;0.437740
21.740234;0.419672
21.742188;0.401435
21.744141;0.383038
21.746094;0.364488
21.748047;0.345793
21.750000;0.326959
21.751953;0.307994
21.753906;0.288906
21.755859;0.269702
21.757812;0.250390
21.759766;0.230979
21.761719;0.211475
21.763672;0.191886
21.765625;0.172220
21.767578;0.152486
21.769531;0.132691
21.771484;0.112843
21.773438;0.092949
21.775391;0.073018
21.777344;0.053058
21.779297;0.033077
21.781250;0.013083
21.783203;-0.006917
21.785156;-0.026913
21.787109;-0.046899
21.789062;-0.066867
21.791016;-0.086807
21.792969;-0.106713
21.794922;-0.126576
21.796875;-0.146389
21.798828;-0.166143
21.800781;-0.185830
21.802734;-0.205443
21.804688;-0.224974
21.806641;-0.244415
21.808594;-0.263758
21.810547;-0.282996
21.812500;-0.302121
21.814453;-0.321124
21.816406;-0.340000
21.818359;-0.358739
21.820312;-0.377335
21.822266;-0.395780
21.824219;-0.414066
21.826172;-0.432187
21.828125;-0.450135
21.830078;-0.467903
21.832031;-0.485484
21.833984;-0.502871
21.835938;-0.520056
21.837891;-0.537034
21.839844;-0.553796
21.841797;-0.570337
21.843750;-0.586650
21.845703;-0.602729
21.847656;-0.618566
21.849609;-0.634156
21.851562;-0.649492
21.853516;-0.664569
21.855469;-0.679379
21.857422;-0.693918
21.859375;-0.708180
21.861328;-0.722158
21.863281;-0.735847
21.865234;-0.749242
21.867188;-0.762337
21.869141;-0.775127
21.871094;-0.787608
21.873047;-0.799773
21.875000;-0.811618
21.876953;-0.823139
21.878906;-0.834330
21.880859;-0.845188
21.882812;-0.855708
21.884766;-0.865885
21.886719;-0.875716
21.888672;-0.885197
21.890625;-0.894323
21.892578;-0.903092
21.894531;-0.911500
21.896484;-0.919543
21.898438;-0.927219
21.900391;-0.934523
21.902344;-0.941454
21.904297;-0.948008
21.906250;-0.954183
21.908203;-0.959976
21.910156;-0.965385
21.912109;-0.970408
21.914062;-0.975043
21.916016;-0.979288
21.917969;-0.983142
21.919922;-0.986602
21.921875;-0.989667
21.923828;-0.992337
21.925781;-0.994609
21.927734;-0.996484
21.929688;-0.997960
21.931641;-0.999037
21.933594;-0.999715
21.935547;-0.999992
21.937500;-0.999870
21.939453;-0.999348
21.941406;-0.998426
21.943359;-0.997104
21.945312;-0.995384
21.947266;-0.993266
21.949219;-0.990750
21.951172;-0.987838
21.953125;-0.984531
21.955078;-0.980830
21.957031;-0.976737
21.958984;-0.972253
21.960938;-0.967380
21.962891;-0.962120
21.964844;-0.956476
21.966797;-0.950449
21.968750;-0.944041
21.970703;-0.937257
21.972656;-0.930097
21.974609;-0.922565
21.976562;-0.914664
21.978516;-0.906397
21.980469;-0.897768
21.982422;-0.888780
21.984375;-0.879436
21.986328;-0.869740
21.988281;-0.859697
21.990234;-0.849310
21.992188;-0.838583
21.994141;-0.827520
21.996094;-0.816127
21.998047;-0.804407
22.000000;-0.792365
22.001953;-0.780006
22.003906;-0.767336
22.005859;-0.754358
22.007812;-0.741079
22.009766;-0.727503
22.011719;-0.713637
22.013672;-0.699485
22.015625;-0.685053
22.017578;-0.670347
22.019531;-0.655373
22.021484;-0.640137
22.023438;-0.624644
22.025391;-0.608902
22.027344;-0.592917
22.029297;-0.576694
22.031250;-0.560241
22.033203;-0.543563
22.035156;-0.526668
22.037109;-0.509562
22.039062;-0.492253
22.041016;-0.474747
22.042969;-0.457050
22.044922;-0.439171
22.046875;-0.421117
22.048828;-0.402894
22.050781;-0.384509
22.052734;-0.365971
22.054688;-0.347287
22.056641;-0.328463
22.058594;-0.309509
22.060547;-0.290430
22.062500;-0.271235
22.064453;-0.251932
22.066406;-0.232528
22.068359;-0.213031
22.070312;-0.193449
22.072266;-0.173789
22.074219;-0.154060
22.076172;-0.134269
22.078125;-0.114425
22.080078;-0.094535
22.082031;-0.074607
22.083984;-0.054649
22.085938;-0.034669
22.087891;-0.014676
22.089844;0.005324
22.091797;0.025321
22.093750;0.045308
22.095703;0.065277
22.097656;0.085220
22.099609;0.105129
22.101562;0.124996
22.103516;0.144813
22.105469;0.164572
22.107422;0.184265
22.109375;0.203884
22.111328;0.223422
22.113281;0.242871
22.115234;0.262222
22.117188;0.281468
22.119141;0.300602
22.121094;0.319616
22.123047;0.338501
22.125000;0.357252
22.126953;0.375859
22.128906;0.394316
22.130859;0.412616
22.132812;0.430750
22.134766;0.448712
22.136719;0.466495
22.138672;0.484091
22.140625;0.501493
22.142578;0.518695
22.144531;0.535689
22.146484;0.552469
22.148438;0.569028
22.150391;0.585360
22.152344;0.601457
22.154297;0.617314
22.156250;0.632924
22.158203;0.648280
22.160156;0.663378
22.162109;0.678210
22.164062;0.692771
22.166016;0.707054
22.167969;0.721055
22.169922;0.734767
22.171875;0.748186
22.173828;0.761305
22.175781;0.774120
22.177734;0.786625
22.179688;0.798816
22.181641;0.810687
22.183594;0.822233
22.185547;0.833451
22.187500;0.844336
22.189453;0.854882
22.191406;0.865087
22.193359;0.874946
22.195312;0.884455
22.197266;0.893610
22.199219;0.902407
22.201172;0.910844
22.203125;0.918916
22.205078;0.926621
22.207031;0.933955
22.208984;0.940916
22.210938;0.947500
22.212891;0.953705
22.214844;0.959529
22.216797;0.964969
22.218750;0.970023
22.220703;0.974689
22.222656;0.978965
22.224609;0.982849
22.226562;0.986341
22.228516;0.989438
22.230469;0.992139
22.232422;0.994443
22.234375;0.996349
22.236328;0.997857
22.238281;0.998966
22.240234;0.999676
22.242188;0.999985
22.244141;0.999894
22.246094;0.999404
22.248047;0.998514
22.250000;0.997224
22.251953;0.995536
22.253906;0.993449
22.255859;0.990965
22.257812;0.988084
22.259766;0.984809
22.261719;0.981139
22.263672;0.977077
22.265625;0.972624
22.267578;0.967782
22.269531;0.962553
22.271484;0.956939
22.273438;0.950943
22.275391;0.944566
22.277344;0.937811
22.279297;0.930681
22.281250;0.923178
22.283203;0.915307
22.285156;0.907069
22.287109;0.898469
22.289062;0.889509
22.291016;0.880193
22.292969;0.870525
22.294922;0.860509
22.296875;0.850149
22.298828;0.839449
22.300781;0.828413
22.302734;0.817046
22.304688;0.805352
22.306641;0.793336
22.308594;0.781002
22.310547;0.768356
22.312500;0.755403
22.314453;0.742148
22.316406;0.728595
22.318359;0.714752
22.320312;0.700622
22.322266;0.686212
22.324219;0.671528
22.326172;0.656575
22.328125;0.641359
22.330078;0.625887
22.332031;0.610165
22.333984;0.594199
22.335938;0.577994
22.337891;0.561559
22.339844;0.544899
22.341797;0.528021
22.343750;0.510932
22.345703;0.493639
22.347656;0.476148
22.349609;0.458466
22.351562;0.440602
22.353516;0.422561
22.355469;0.404351
22.357422;0.385979
22.359375;0.367453
22.361328;0.348780
22.363281;0.329967
22.365234;0.311023
22.367188;0.291954
22.369141;0.272768
22.371094;0.253473
22.373047;0.234077
22.375000;0.214587
22.376953;0.195011
22.378906;0.175357
22.380859;0.155634
22.382812;0.135847
22.384766;0.116007
22.386719;0.096120
22.388672;0.076195
22.390625;0.056239
22.392578;0.036261
22.394531;0.016268
22.396484;-0.003731
22.398438;-0.023729
22.400391;-0.043717
22.402344;-0.063688
22.404297;-0.083633
22.406250;-0.103545
22.408203;-0.123416
22.410156;-0.143237
22.412109;-0.163001
22.414062;-0.182699
22.416016;-0.202325
22.417969;-0.221869
22.419922;-0.241325
22.421875;-0.260685
22.423828;-0.279940
22.425781;-0.299083
22.427734;-0.318106
22.429688;-0.337002
22.431641;-0.355764
22.433594;-0.374383
22.435547;-0.392852
22.437500;-0.411164
22.439453;-0.429312
22.441406;-0.447288
22.443359;-0.465085
22.445312;-0.482697
22.447266;-0.500115
22.449219;-0.517333
22.451172;-0.534344
22.453125;-0.551141
22.455078;-0.567718
22.457031;-0.584068
22.458984;-0.600184
22.460938;-0.616060
22.462891;-0.631690
22.464844;-0.647067
22.466797;-0.662185
22.468750;-0.677039
22.470703;-0.691621
22.472656;-0.705927
22.474609;-0.719951
22.476562;-0.733686
22.478516;-0.747128
22.480469;-0.760272
22.482422;-0.773111
22.484375;-0.785641
22.486328;-0.797856
22.488281;-0.809753
22.490234;-0.821326
22.492188;-0.832570
22.494141;-0.843481
22.496094;-0.854055
22.498047;-0.864287
22.500000;-0.874173
22.501953;-0.883710
22.503906;-0.892894
22.505859;-0.901720
22.507812;-0.910185
22.509766;-0.918287
22.511719;-0.926021
22.513672;-0.933385
22.515625;-0.940375
22.517578;-0.946989
22.519531;-0.953225
22.521484;-0.959079
22.523438;-0.964550
22.525391;-0.969634
22.527344;-0.974331
22.529297;-0.978638
22.531250;-0.982554
22.533203;-0.986077
22.535156;-0.989205
22.537109;-0.991938
22.539062;-0.994274
22.541016;-0.996212
22.542969;-0.997752
22.544922;-0.998893
22.546875;-0.999634
22.548828;-0.999975
22.550781;-0.999916
22.552734;-0.999458
22.554688;-0.998599
22.556641;-0.997341
22.558594;-0.995685
22.560547;-0.993630
22.562500;-0.991177
22.564453;-0.988328
22.566406;-0.985084
22.568359;-0.981446
22.570312;-0.977415
22.572266;-0.972993
22.574219;-0.968182
22.576172;-0.962984
22.578125;-0.957401
22.580078;-0.951434
22.582031;-0.945087
22.583984;-0.938362
22.585938;-0.931262
22.587891;-0.923789
22.589844;-0.915947
22.591797;-0.907738
22.593750;-0.899167
22.595703;-0.890235
22.597656;-0.880948
22.599609;-0.871308
22.601562;-0.861320
22.603516;-0.850987
22.605469;-0.840314
22.607422;-0.829304
22.609375;-0.817963
22.611328;-0.806295
22.613281;-0.794304
22.615234;-0.781996
22.617188;-0.769375
22.619141;-0.756446
22.621094;-0.743214
22.623047;-0.729685
22.625000;-0.715865
22.626953;-0.701758
22.628906;-0.687370
22.630859;-0.672707
22.632812;-0.657775
22.634766;-0.642581
22.636719;-0.627129
22.638672;-0.611426
22.640625;-0.595479
22.642578;-0.579293
22.644531;-0.562876
22.646484;-0.546234
22.648438;-0.529373
22.650391;-0.512301
22.652344;-0.495023
22.654297;-0.477548
22.656250;-0.459881
22.658203;-0.442031
22.660156;-0.424004
22.662109;-0.405807
22.664062;-0.387448
22.666016;-0.368934
22.667969;-0.350272
22.669922;-0.331470
22.671875;-0.312536
22.673828;-0.293477
22.675781;-0.274300
22.677734;-0.255013
22.679688;-0.235625
22.681641;-0.216142
22.683594;-0.196573
22.685547;-0.176925
22.687500;-0.157207
22.689453;-0.137425
22.691406;-0.117589
22.693359;-0.097705
22.695312;-0.077783
22.697266;-0.057829
22.699219;-0.037853
22.701172;-0.017861
22.703125;0.002138
22.705078;0.022137
22.707031;0.042126
22.708984;0.062098
22.710938;0.082046
22.712891;0.101961
22.714844;0.121835
22.716797;0.141660
22.718750;0.161429
22.720703;0.181133
22.722656;0.200765
22.724609;0.220316
22.726562;0.239779
22.728516;0.259147
22.730469;0.278410
22.732422;0.297562
22.734375;0.316596
22.736328;0.335502
22.738281;0.354275
22.740234;0.372905
22.742188;0.391387
22.744141;0.409712
22.746094;0.427873
22.748047;0.445863
22.750000;0.463675
22.751953;0.481301
22.753906;0.498735
22.755859;0.515969
22.757812;0.532997
22.759766;0.549811
22.761719;0.566406
22.763672;0.582774
22.765625;0.598909
22.767578;0.614805
22.769531;0.630454
22.771484;0.645852
22.773438;0.660991
22.775391;0.675866
22.777344;0.690470
22.779297;0.704798
22.781250;0.718844
22.783203;0.732603
22.785156;0.746069
22.787109;0.759236
22.789062;0.772100
22.791016;0.784654
22.792969;0.796895
22.794922;0.808817
22.796875;0.820416
22.798828;0.831687
22.800781;0.842624
22.802734;0.853225
22.804688;0.863485
22.806641;0.873399
22.808594;0.882964
22.810547;0.892175
22.812500;0.901030
22.814453;0.909524
22.816406;0.917655
22.818359;0.925418
22.820312;0.932812
22.822266;0.939832
22.824219;0.946476
22.826172;0.952742
22.828125;0.958627
22.830078;0.964128
22.832031;0.969244
22.833984;0.973971
22.835938;0.978310
22.837891;0.982257
22.839844;0.985811
22.841797;0.988971
22.843750;0.991735
22.845703;0.994103
22.847656;0.996072
22.849609;0.997644
22.851562;0.998816
22.853516;0.999589
22.855469;0.999963
22.857422;0.999936
22.859375;0.999509
22.861328;0.998682
22.863281;0.997456
22.865234;0.995831
22.867188;0.993808
22.869141;0.991387
22.871094;0.988570
22.873047;0.985357
22.875000;0.981750
22.876953;0.977750
22.878906;0.973360
22.880859;0.968580
22.882812;0.963412
22.884766;0.957859
22.886719;0.951923
22.888672;0.945607
22.890625;0.938912
22.892578;0.931841
22.894531;0.924398
22.896484;0.916585
22.898438;0.908405
22.900391;0.899863
22.902344;0.890960
22.904297;0.881700
22.906250;0.872089
22.908203;0.862128
22.910156;0.851822
22.912109;0.841176
22.914062;0.830193
22.916016;0.818878
22.917969;0.807236
22.919922;0.795271
22.921875;0.782988
22.923828;0.770391
22.925781;0.757486
22.927734;0.744279
22.929688;0.730773
22.931641;0.716976
22.933594;0.702891
22.935547;0.688526
22.937500;0.673885
22.939453;0.658974
22.941406;0.643800
22.943359;0.628369
22.945312;0.612686
22.947266;0.596758
22.949219;0.580591
22.951172;0.564192
22.953125;0.547567
22.955078;0.530724
22.957031;0.513668
22.958984;0.496406
22.960938;0.478947
22.962891;0.461295
22.964844;0.443459
22.966797;0.425446
22.968750;0.407262
22.970703;0.388916
22.972656;0.370414
22.974609;0.351763
22.976562;0.332973
22.978516;0.314048
22.980469;0.294999
22.982422;0.275831
22.984375;0.256553
22.986328;0.237173
22.988281;0.217697
22.990234;0.198134
22.992188;0.178493
22.994141;0.158779
22.996094;0.139003
22.998047;0.119170
23.000000;0.099290
23.001953;0.079371
23.003906;0.059419
23.005859;0.039444
23.007812;0.019453
23.009766;-0.000546
23.011719;-0.020544
23.013672;-0.040535
23.015625;-0.060509
23.017578;-0.080459
23.019531;-0.100376
23.021484;-0.120254
23.023438;-0.140083
23.025391;-0.159857
23.027344;-0.179566
23.029297;-0.199204
23.031250;-0.218762
23.033203;-0.238233
23.035156;-0.257608
23.037109;-0.276880
23.039062;-0.296041
23.041016;-0.315085
23.042969;-0.334002
23.044922;-0.352785
23.046875;-0.371427
23.048828;-0.389921
23.050781;-0.408259
23.052734;-0.426433
23.054688;-0.444437
23.056641;-0.462263
23.058594;-0.479904
23.060547;-0.497354
23.062500;-0.514604
23.064453;-0.531648
23.066406;-0.548480
23.068359;-0.565093
23.070312;-0.581479
23.072266;-0.597633
23.074219;-0.613548
23.076172;-0.629217
23.078125;-0.644635
23.080078;-0.659795
23.082031;-0.674691
23.083984;-0.689317
23.085938;-0.703667
23.087891;-0.717736
23.089844;-0.731518
23.091797;-0.745007
23.093750;-0.758198
23.095703;-0.771086
23.097656;-0.783666
23.099609;-0.795932
23.101562;-0.807880
23.103516;-0.819504
23.105469;-0.830801
23.107422;-0.841766
23.109375;-0.852394
23.111328;-0.862680
23.113281;-0.872622
23.115234;-0.882215
23.117188;-0.891455
23.119141;-0.900338
23.121094;-0.908861
23.123047;-0.917021
23.125000;-0.924814
23.126953;-0.932237
23.128906;-0.939287
23.130859;-0.945961
23.132812;-0.952257
23.134766;-0.958172
23.136719;-0.963704
23.138672;-0.968850
23.140625;-0.973609
23.142578;-0.977979
23.144531;-0.981957
23.146484;-0.985542
23.148438;-0.988734
23.150391;-0.991529
23.152344;-0.993929
23.154297;-0.995930
23.156250;-0.997533
23.158203;-0.998738
23.160156;-0.999542
23.162109;-0.999947
23.164062;-0.999952
23.166016;-0.999557
23.167969;-0.998763
23.169922;-0.997568
23.171875;-0.995975
23.173828;-0.993984
23.175781;-0.991594
23.177734;-0.988809
23.179688;-0.985627
23.181641;-0.982052
23.183594;-0.978083
23.185547;-0.973724
23.187500;-0.968974
23.189453;-0.963838
23.191406;-0.958315
23.193359;-0.952410
23.195312;-0.946124
23.197266;-0.939459
23.199219;-0.932418
23.201172;-0.925004
23.203125;-0.917221
23.205078;-0.909070
23.207031;-0.900556
23.208984;-0.891682
23.210938;-0.882451
23.212891;-0.872867
23.214844;-0.862934
23.216797;-0.852656
23.218750;-0.842036
23.220703;-0.831080
23.222656;-0.819792
23.224609;-0.808175
23.226562;-0.796235
23.228516;-0.783977
23.230469;-0.771406
23.232422;-0.758525
23.234375;-0.745342
23.236328;-0.731860
23.238281;-0.718085
23.240234;-0.704023
23.242188;-0.689680
23.244141;-0.675061
23.246094;-0.660171
23.248047;-0.645018
23.250000;-0.629607
23.251953;-0.613944
23.253906;-0.598035
23.255859;-0.581887
23.257812;-0.565506
23.259766;-0.548899
23.261719;-0.532073
23.263672;-0.515034
23.265625;-0.497788
23.267578;-0.480344
23.269531;-0.462708
23.271484;-0.444886
23.273438;-0.426886
23.275391;-0.408716
23.277344;-0.390382
23.279297;-0.371893
23.281250;-0.353254
23.283203;-0.334474
23.285156;-0.315560
23.287109;-0.296520
23.289062;-0.277362
23.291016;-0.258092
23.292969;-0.238719
23.294922;-0.219251
23.296875;-0.199695
23.298828;-0.180060
23.300781;-0.160352
23.302734;-0.140580
23.304688;-0.120752
23.306641;-0.100875
23.308594;-0.080958
23.310547;-0.061009
23.312500;-0.041035
23.314453;-0.021045
23.316406;-0.001047
23.318359;0.018952
23.320312;0.038943
23.322266;0.058919
23.324219;0.078871
23.326172;0.098792
23.328125;0.118673
23.330078;0.138506
23.332031;0.158284
23.333984;0.177999
23.335938;0.197643
23.337891;0.217208
23.339844;0.236685
23.341797;0.256069
23.343750;0.275349
23.345703;0.294520
23.347656;0.313573
23.349609;0.332500
23.351562;0.351294
23.353516;0.369948
23.355469;0.388454
23.357422;0.406804
23.359375;0.424992
23.361328;0.443010
23.363281;0.460850
23.365234;0.478506
23.367188;0.495971
23.369141;0.513238
23.371094;0.530299
23.373047;0.547148
23.375000;0.563778
23.376953;0.580183
23.378906;0.596355
23.380859;0.612289
23.382812;0.627979
23.384766;0.643417
23.386719;0.658597
23.388672;0.673514
23.390625;0.688162
23.392578;0.702535
23.394531;0.716626
23.396484;0.730431
23.398438;0.743944
23.400391;0.757159
23.402344;0.770071
23.404297;0.782676
23.406250;0.794967
23.408203;0.806940
23.410156;0.818591
23.412109;0.829914
23.414062;0.840905
23.416016;0.851560
23.417969;0.861874
23.419922;0.871843
23.421875;0.881464
23.423828;0.890732
23.425781;0.899644
23.427734;0.908196
23.429688;0.916384
23.431641;0.924207
23.433594;0.931659
23.435547;0.938739
23.437500;0.945443
23.439453;0.951770
23.441406;0.957715
23.443359;0.963278
23.445312;0.968455
23.447266;0.973244
23.449219;0.977645
23.451172;0.981654
23.453125;0.985271
23.455078;0.988494
23.457031;0.991321
23.458984;0.993752
23.460938;0.995785
23.462891;0.997420
23.464844;0.998656
23.466797;0.999493
23.468750;0.999930
23.470703;0.999967
23.472656;0.999604
23.474609;0.998841
23.476562;0.997678
23.478516;0.996117
23.480469;0.994157
23.482422;0.991799
23.484375;0.989045
23.486328;0.985895
23.488281;0.982351
23.490234;0.978414
23.492188;0.974085
23.494141;0.969367
23.496094;0.964261
23.498047;0.958769
23.500000;0.952894
23.501953;0.946638
23.503906;0.940003
23.505859;0.932992
23.507812;0.925608
23.509766;0.917854
23.511719;0.909733
23.513672;0.901247
23.515625;0.892402
23.517578;0.883199
23.519531;0.873643
23.521484;0.863738
23.523438;0.853487
23.525391;0.842894
23.527344;0.831965
23.529297;0.820703
23.531250;0.809112
23.533203;0.797198
23.535156;0.784965
23.537109;0.772418
23.539062;0.759562
23.541016;0.746402
23.542969;0.732944
23.544922;0.719193
23.546875;0.705154
23.548828;0.690832
23.550781;0.676235
23.552734;0.661367
23.554688;0.646234
23.556641;0.630843
23.558594;0.615200
23.560547;0.599311
23.562500;0.583182
23.564453;0.566819
23.566406;0.550230
23.568359;0.533421
23.570312;0.516398
23.572266;0.499169
23.574219;0.481740
23.576172;0.464119
23.578125;0.446312
23.580078;0.428326
23.582031;0.410169
23.583984;0.391848
23.585938;0.373371
23.587891;0.354744
23.589844;0.335975
23.591797;0.317071
23.593750;0.298041
23.595703;0.278892
23.597656;0.259631
23.599609;0.240266
23.601562;0.220805
23.603516;0.201256
23.605469;0.181626
23.607422;0.161924
23.609375;0.142157
23.611328;0.122333
23.613281;0.102460
23.615234;0.082546
23.617188;0.062599
23.619141;0.042627
23.621094;0.022638
23.623047;0.002640
23.625000;-0.017359
23.626953;-0.037352
23.628906;-0.057329
23.630859;-0.077283
23.632812;-0.097207
23.634766;-0.117091
23.636719;-0.136929
23.638672;-0.156712
23.640625;-0.176432
23.642578;-0.196082
23.644531;-0.215653
23.646484;-0.235138
23.648438;-0.254529
23.650391;-0.273818
23.652344;-0.292997
23.654297;-0.312060
23.656250;-0.330997
23.658203;-0.349802
23.660156;-0.368468
23.662109;-0.386986
23.664062;-0.405349
23.666016;-0.423550
23.667969;-0.441581
23.669922;-0.459436
23.671875;-0.477107
23.673828;-0.494588
23.675781;-0.511870
23.677734;-0.528948
23.679688;-0.545814
23.681641;-0.562462
23.683594;-0.578885
23.685547;-0.595076
23.687500;-0.611029
23.689453;-0.626738
23.691406;-0.642196
23.693359;-0.657398
23.695312;-0.672336
23.697266;-0.687006
23.699219;-0.701400
23.701172;-0.715514
23.703125;-0.729342
23.705078;-0.742879
23.707031;-0.756118
23.708984;-0.769054
23.710938;-0.781683
23.712891;-0.794000
23.714844;-0.805998
23.716797;-0.817675
23.718750;-0.829024
23.720703;-0.840042
23.722656;-0.850724
23.724609;-0.861065
23.726562;-0.871062
23.728516;-0.880711
23.730469;-0.890007
23.732422;-0.898947
23.734375;-0.907528
23.736328;-0.915746
23.738281;-0.923597
23.740234;-0.931079
23.742188;-0.938189
23.744141;-0.944923
23.746094;-0.951280
23.748047;-0.957256
23.750000;-0.962849
23.751953;-0.968057
23.753906;-0.972877
23.755859;-0.977309
23.757812;-0.981350
23.759766;-0.984998
23.761719;-0.988252
23.763672;-0.991111
23.765625;-0.993573
23.767578;-0.995638
23.769531;-0.997305
23.771484;-0.998573
23.773438;-0.999441
23.775391;-0.999910
23.777344;-0.999978
23.779297;-0.999647
23.781250;-0.998916
23.783203;-0.997785
23.785156;-0.996256
23.787109;-0.994327
23.789062;-0.992001
23.791016;-0.989279
23.792969;-0.986160
23.794922;-0.982647
23.796875;-0.978741
23.798828;-0.974444
23.800781;-0.969757
23.802734;-0.964682
23.804688;-0.959221
23.806641;-0.953376
23.808594;-0.947150
23.810547;-0.940545
23.812500;-0.933564
23.814453;-0.926210
23.816406;-0.918485
23.818359;-0.910393
23.820312;-0.901936
23.822266;-0.893119
23.824219;-0.883945
23.826172;-0.874417
23.828125;-0.864539
23.830078;-0.854316
23.832031;-0.843750
23.833984;-0.832847
23.835938;-0.821612
23.837891;-0.810047
23.839844;-0.798159
23.841797;-0.785951
23.843750;-0.773429
23.845703;-0.760597
23.847656;-0.747461
23.849609;-0.734027
23.851562;-0.720298
23.853516;-0.706282
23.855469;-0.691983
23.857422;-0.677407
23.859375;-0.662561
23.861328;-0.647449
23.863281;-0.632078
23.865234;-0.616455
23.867188;-0.600585
23.869141;-0.584475
23.871094;-0.568131
23.873047;-0.551559
23.875000;-0.534767
23.876953;-0.517762
23.878906;-0.500549
23.880859;-0.483136
23.882812;-0.465529
23.884766;-0.447737
23.886719;-0.429765
23.888672;-0.411621
23.890625;-0.393313
23.892578;-0.374848
23.894531;-0.356232
23.896484;-0.337474
23.898438;-0.318581
23.900391;-0.299561
23.902344;-0.280421
23.904297;-0.261168
23.906250;-0.241812
23.908203;-0.222358
23.910156;-0.202816
23.912109;-0.183192
23.914062;-0.163495
23.916016;-0.143733
23.917969;-0.123913
23.919922;-0.104044
23.921875;-0.084133
23.923828;-0.064188
23.925781;-0.044218
23.927734;-0.024230
23.929688;-0.004232
23.931641;0.015767
23.933594;0.035760
23.935547;0.055739
23.937500;0.075695
23.939453;0.095621
23.941406;0.115509
23.943359;0.135351
23.945312;0.155138
23.947266;0.174864
23.949219;0.194519
23.951172;0.214097
23.953125;0.233589
23.955078;0.252988
23.957031;0.272286
23.958984;0.291474
23.960938;0.310546
23.962891;0.329494
23.964844;0.348310
23.966797;0.366987
23.968750;0.385516
23.970703;0.403892
23.972656;0.422106
23.974609;0.440152
23.976562;0.458021
23.978516;0.475707
23.980469;0.493203
23.982422;0.510501
23.984375;0.527595
23.986328;0.544479
23.988281;0.561144
23.990234;0.577585
23.992188;0.593795
23.994141;0.609768
23.996094;0.625496
23.998047;0.640975
24.000000;0.656197
24.001953;0.671156
24.003906;0.685847
24.005859;0.700264
24.007812;0.714401
24.009766;0.728252
24.011719;0.741811
24.013672;0.755074
24.015625;0.768035
24.017578;0.780689
24.019531;0.793030
24.021484;0.805055
24.023438;0.816757
24.025391;0.828132
24.027344;0.839177
24.029297;0.849885
24.031250;0.860254
24.033203;0.870279
24.035156;0.879955
24.037109;0.889280
24.039062;0.898248
24.041016;0.906858
24.042969;0.915105
24.044922;0.922985
24.046875;0.930497
24.048828;0.937636
24.050781;0.944401
24.052734;0.950787
24.054688;0.956794
24.056641;0.962417
24.058594;0.967656
24.060547;0.972508
24.062500;0.976970
24.064453;0.981042
24.066406;0.984722
24.068359;0.988007
24.070312;0.990897
24.072266;0.993391
24.074219;0.995488
24.076172;0.997187
24.078125;0.998486
24.080078;0.999387
24.082031;0.999887
24.083984;0.999988
24.085938;0.999688
24.087891;0.998989
24.089844;0.997890
24.091797;0.996392
24.093750;0.994496
24.095703;0.992201
24.097656;0.989510
24.099609;0.986423
24.101562;0.982942
24.103516;0.979067
24.105469;0.974801
24.107422;0.970144
24.109375;0.965100
24.111328;0.959670
24.113281;0.953856
24.115234;0.947660
24.117188;0.941085
24.119141;0.934134
24.121094;0.926809
24.123047;0.919114
24.125000;0.911051
24.126953;0.902623
24.128906;0.893834
24.130859;0.884688
24.132812;0.875188
24.134766;0.865338
24.136719;0.855142
24.138672;0.844604
24.140625;0.833728
24.142578;0.822518
24.144531;0.810980
24.146484;0.799117
24.148438;0.786935
24.150391;0.774437
24.152344;0.761630
24.154297;0.748519
24.156250;0.735107
24.158203;0.721402
24.160156;0.707409
24.162109;0.693132
24.164062;0.678578
24.166016;0.663753
24.167969;0.648662
24.169922;0.633312
24.171875;0.617708
24.173828;0.601858
24.175781;0.585766
24.177734;0.569441
24.179688;0.552887
24.181641;0.536113
24.183594;0.519124
24.185547;0.501927
24.187500;0.484529
24.189453;0.466938
24.191406;0.449160
24.193359;0.431203
24.195312;0.413072
24.197266;0.394777
24.199219;0.376324
24.201172;0.357720
24.203125;0.338973
24.205078;0.320091
24.207031;0.301080
24.208984;0.281949
24.210938;0.262706
24.212891;0.243357
24.214844;0.223911
24.216797;0.204375
24.218750;0.184758
24.220703;0.165066
24.222656;0.145309
24.224609;0.125493
24.226562;0.105628
24.228516;0.085720
24.230469;0.065778
24.232422;0.045809
24.234375;0.025822
24.236328;0.005825
24.238281;-0.014174
24.240234;-0.034168
24.242188;-0.054148
24.244141;-0.074107
24.246094;-0.094036
24.248047;-0.113927
24.250000;-0.133773
24.251953;-0.153565
24.253906;-0.173295
24.255859;-0.192957
24.257812;-0.212541
24.259766;-0.232040
24.261719;-0.251447
24.263672;-0.270753
24.265625;-0.289950
24.267578;-0.309032
24.269531;-0.327990
24.271484;-0.346817
24.273438;-0.365505
24.275391;-0.384046
24.277344;-0.402435
24.279297;-0.420662
24.281250;-0.438721
24.283203;-0.456604
24.285156;-0.474305
24.287109;-0.491817
24.289062;-0.509131
24.291016;-0.526242
24.292969;-0.543142
24.294922;-0.559825
24.296875;-0.576284
24.298828;-0.592513
24.300781;-0.608505
24.302734;-0.624253
24.304688;-0.639751
24.306641;-0.654994
24.308594;-0.669975
24.310547;-0.684687
24.312500;-0.699126
24.314453;-0.713286
24.316406;-0.727159
24.318359;-0.740742
24.320312;-0.754029
24.322266;-0.767014
24.324219;-0.779693
24.326172;-0.792059
24.328125;-0.804109
24.330078;-0.815837
24.332031;-0.827239
24.333984;-0.838309
24.335938;-0.849045
24.337891;-0.859441
24.339844;-0.869493
24.341797;-0.879197
24.343750;-0.888550
24.345703;-0.897547
24.347656;-0.906186
24.349609;-0.914461
24.351562;-0.922371
24.353516;-0.929912
24.355469;-0.937082
24.357422;-0.943876
24.359375;-0.950293
24.361328;-0.956329
24.363281;-0.961984
24.365234;-0.967253
24.367188;-0.972135
24.369141;-0.976629
24.371094;-0.980732
24.373047;-0.984443
24.375000;-0.987760
24.376953;-0.990682
24.378906;-0.993207
24.380859;-0.995336
24.382812;-0.997066
24.384766;-0.998397
24.386719;-0.999330
24.388672;-0.999862
24.390625;-0.999994
24.392578;-0.999727
24.394531;-0.999059
24.396484;-0.997992
24.398438;-0.996526
24.400391;-0.994661
24.402344;-0.992399
24.404297;-0.989739
24.406250;-0.986683
24.408203;-0.983233
24.410156;-0.979390
24.412109;-0.975155
24.414062;-0.970529
24.416016;-0.965516
24.417969;-0.960116
24.419922;-0.954333
24.421875;-0.948167
24.423828;-0.941623
24.425781;-0.934701
24.427734;-0.927406
24.429688;-0.919740
24.431641;-0.911706
24.433594;-0.903307
24.435547;-0.894548
24.437500;-0.885430
24.439453;-0.875958
24.441406;-0.866136
24.443359;-0.855967
24.445312;-0.845456
24.447266;-0.834606
24.449219;-0.823423
24.451172;-0.811911
24.453125;-0.800074
24.455078;-0.787916
24.457031;-0.775444
24.458984;-0.762661
24.460938;-0.749574
24.462891;-0.736186
24.464844;-0.722504
24.466797;-0.708534
24.468750;-0.694279
24.470703;-0.679747
24.472656;-0.664943
24.474609;-0.649873
24.476562;-0.634544
24.478516;-0.618960
24.480469;-0.603129
24.482422;-0.587056
24.484375;-0.570749
24.486328;-0.554214
24.488281;-0.537456
24.490234;-0.520484
24.492188;-0.503304
24.494141;-0.485922
24.496094;-0.468346
24.498047;-0.450583
24.500000;-0.432639
24.501953;-0.414522
24.503906;-0.396240
24.505859;-0.377799
24.507812;-0.359207
24.509766;-0.340471
24.511719;-0.321599
24.513672;-0.302599
24.515625;-0.283477
24.517578;-0.264242
24.519531;-0.244901
24.521484;-0.225463
24.523438;-0.205934
24.525391;-0.186323
24.527344;-0.166637
24.529297;-0.146885
24.531250;-0.127073
24.533203;-0.107211
24.535156;-0.087307
24.537109;-0.067367
24.539062;-0.047400
24.541016;-0.027414
24.542969;-0.007418
24.544922;0.012582
24.546875;0.032576
24.548828;0.052558
24.550781;0.072518
24.552734;0.092450
24.554688;0.112344
24.556641;0.132194
24.558594;0.151991
24.560547;0.171727
24.562500;0.191394
24.564453;0.210985
24.566406;0.230491
24.568359;0.249905
24.570312;0.269219
24.572266;0.288426
24.574219;0.307517
24.576172;0.326485
24.578125;0.345322
24.580078;0.364022
24.582031;0.382575
24.583984;0.400976
24.585938;0.419216
24.587891;0.437289
24.589844;0.455187
24.591797;0.472903
24.593750;0.490429
24.595703;0.507760
24.597656;0.524887
24.599609;0.541804
24.601562;0.558505
24.603516;0.574982
24.605469;0.591229
24.607422;0.607240
24.609375;0.623008
24.611328;0.638526
24.613281;0.653790
24.615234;0.668792
24.617188;0.683526
24.619141;0.697987
24.621094;0.712168
24.623047;0.726065
24.625000;0.739671
24.626953;0.752982
24.628906;0.765991
24.630859;0.778694
24.632812;0.791086
24.634766;0.803161
24.636719;0.814915
24.638672;0.826343
24.640625;0.837440
24.642578;0.848202
24.644531;0.858625
24.646484;0.868705
24.648438;0.878437
24.650391;0.887818
24.652344;0.896844
24.654297;0.905511
24.656250;0.913816
24.658203;0.921755
24.660156;0.929326
24.662109;0.936524
24.664062;0.943349
24.666016;0.949796
24.667969;0.955863
24.669922;0.961547
24.671875;0.966848
24.673828;0.971761
24.675781;0.976286
24.677734;0.980420
24.679688;0.984162
24.681641;0.987510
24.683594;0.990464
24.685547;0.993021
24.687500;0.995181
24.689453;0.996943
24.691406;0.998306
24.693359;0.999270
24.695312;0.999834
24.697266;0.999998
24.699219;0.999763
24.701172;0.999127
24.703125;0.998092
24.705078;0.996657
24.707031;0.994824
24.708984;0.992593
24.710938;0.989965
24.712891;0.986941
24.714844;0.983522
24.716797;0.979710
24.718750;0.975506
24.720703;0.970912
24.722656;0.965929
24.724609;0.960560
24.726562;0.954807
24.728516;0.948672
24.730469;0.942158
24.732422;0.935266
24.734375;0.928001
24.736328;0.920364
24.738281;0.912359
24.740234;0.903990
24.742188;0.895258
24.744141;0.886169
24.746094;0.876725
24.748047;0.866930
24.750000;0.856789
24.751953;0.846305
24.753906;0.835483
24.755859;0.824326
24.757812;0.812840
24.759766;0.801028
24.761719;0.788896
24.763672;0.776449
24.765625;0.763691
24.767578;0.750627
24.769531;0.737263
24.771484;0.723605
24.773438;0.709657
24.775391;0.695425
24.777344;0.680915
24.779297;0.666132
24.781250;0.651083
24.783203;0.635774
24.785156;0.620210
24.787109;0.604398
24.789062;0.588345
24.791016;0.572056
24.792969;0.555539
24.794922;0.538799
24.796875;0.521843
24.798828;0.504679
24.800781;0.487314
24.802734;0.469753
24.804688;0.452004
24.806641;0.434074
24.808594;0.415971
24.810547;0.397702
24.812500;0.379273
24.814453;0.360693
24.816406;0.341968
24.818359;0.323107
24.820312;0.304116
24.822266;0.285004
24.824219;0.265778
24.826172;0.246445
24.828125;0.227014
24.830078;0.207492
24.832031;0.187887
24.833984;0.168207
24.835938;0.148460
24.837891;0.128653
24.839844;0.108795
24.841797;0.088893
24.843750;0.068956
24.845703;0.048991
24.847656;0.029007
24.849609;0.009011
24.851562;-0.010989
24.853516;-0.030984
24.855469;-0.050967
24.857422;-0.070930
24.859375;-0.090864
24.861328;-0.110762
24.863281;-0.130615
24.865234;-0.150416
24.867188;-0.170157
24.869141;-0.189830
24.871094;-0.209427
24.873047;-0.228941
24.875000;-0.248362
24.876953;-0.267685
24.878906;-0.286900
24.880859;-0.306001
24.882812;-0.324979
24.884766;-0.343827
24.886719;-0.362538
24.888672;-0.381103
24.890625;-0.399516
24.892578;-0.417770
24.894531;-0.435856
24.896484;-0.453768
24.898438;-0.471499
24.900391;-0.489040
24.902344;-0.506387
24.904297;-0.523530
24.906250;-0.540465
24.908203;-0.557183
24.910156;-0.573678
24.912109;-0.589944
24.914062;-0.605974
24.916016;-0.621761
24.917969;-0.637300
24.919922;-0.652584
24.921875;-0.667607
24.923828;-0.682362
24.925781;-0.696845
24.927734;-0.711049
24.929688;-0.724969
24.931641;-0.738599
24.933594;-0.751933
24.935547;-0.764967
24.937500;-0.777694
24.939453;-0.790111
24.941406;-0.802211
24.943359;-0.813991
24.945312;-0.825445
24.947266;-0.836568
24.949219;-0.847358
24.951172;-0.857808
24.953125;-0.867915
24.955078;-0.877675
24.957031;-0.887084
24.958984;-0.896138
24.960938;-0.904834
24.962891;-0.913168
24.964844;-0.921136
24.966797;-0.928736
24.968750;-0.935965
24.970703;-0.942819
24.972656;-0.949296
24.974609;-0.955393
24.976562;-0.961109
24.978516;-0.966440
24.980469;-0.971384
24.982422;-0.975940
24.984375;-0.980105
24.986328;-0.983878
24.988281;-0.987258
24.990234;-0.990243
24.992188;-0.992832
24.994141;-0.995023
24.996094;-0.996817
24.998047;-0.998212
25.000000;-0.999208
25.001953;-0.999804
25.003906;-1.000000
25.005859;-0.999796
25.007812;-0.999192
25.009766;-0.998189
25.011719;-0.996786
25.013672;-0.994985
25.015625;-0.992786
25.017578;-0.990189
25.019531;-0.987197
25.021484;-0.983809
25.023438;-0.980028
25.025391;-0.975855
25.027344;-0.971292
25.029297;-0.966340
25.031250;-0.961002
25.033203;-0.955279
25.035156;-0.949175
25.037109;-0.942690
25.039062;-0.935829
25.041016;-0.928593
25.042969;-0.920986
25.044922;-0.913010
25.046875;-0.904669
25.048828;-0.895967
25.050781;-0.886906
25.052734;-0.877490
25.054688;-0.867723
25.056641;-0.857609
25.058594;-0.847153
25.060547;-0.836357
25.062500;-0.825227
25.064453;-0.813766
25.066406;-0.801980
25.068359;-0.789874
25.070312;-0.777451
25.072266;-0.764718
25.074219;-0.751678
25.076172;-0.738338
25.078125;-0.724703
25.080078;-0.710778
25.082031;-0.696568
25.083984;-0.682080
25.085938;-0.667319
25.087891;-0.652291
25.089844;-0.637002
25.091797;-0.621459
25.093750;-0.605667
25.095703;-0.589632
25.097656;-0.573362
25.099609;-0.556862
25.101562;-0.540140
25.103516;-0.523202
25.105469;-0.506054
25.107422;-0.488704
25.109375;-0.471158
25.111328;-0.453424
25.113281;-0.435509
25.115234;-0.417419
25.117188;-0.399163
25.119141;-0.380746
25.121094;-0.362178
25.123047;-0.343465
25.125000;-0.324614
25.126953;-0.305633
25.128906;-0.286530
25.130859;-0.267313
25.132812;-0.247989
25.134766;-0.228565
25.136719;-0.209050
25.138672;-0.189451
25.140625;-0.169777
25.142578;-0.150035
25.144531;-0.130232
25.146484;-0.110378
25.148438;-0.090479
25.150391;-0.070545
25.152344;-0.050582
25.154297;-0.030599
25.156250;-0.010603
25.158203;0.009397
25.160156;0.029392
25.162109;0.049377
25.164062;0.069341
25.166016;0.089278
25.167969;0.109179
25.169922;0.129036
25.171875;0.148842
25.173828;0.168588
25.175781;0.188266
25.177734;0.207870
25.179688;0.227390
25.181641;0.246819
25.183594;0.266150
25.185547;0.285374
25.187500;0.304484
25.189453;0.323472
25.191406;0.342331
25.193359;0.361053
25.195312;0.379630
25.197266;0.398056
25.199219;0.416322
25.201172;0.434422
25.203125;0.452348
25.205078;0.470093
25.207031;0.487651
25.208984;0.505013
25.210938;0.522173
25.212891;0.539124
25.214844;0.555860
25.216797;0.572373
25.218750;0.588657
25.220703;0.604706
25.222656;0.620513
25.224609;0.636072
25.226562;0.651376
25.228516;0.666420
25.230469;0.681197
25.232422;0.695702
25.234375;0.709928
25.236328;0.723871
25.238281;0.737524
25.240234;0.750882
25.242188;0.763940
25.244141;0.776692
25.246094;0.789133
25.248047;0.801259
25.250000;0.813064
25.251953;0.824544
25.253906;0.835695
25.255859;0.846511
25.257812;0.856988
25.259766;0.867123
25.261719;0.876911
25.263672;0.886348
25.265625;0.895430
25.267578;0.904155
25.269531;0.912517
25.271484;0.920515
25.273438;0.928145
25.275391;0.935403
25.277344;0.942287
25.279297;0.948794
25.281250;0.954922
25.283203;0.960668
25.285156;0.966029
25.287109;0.971004
25.289062;0.975591
25.291016;0.979788
25.292969;0.983592
25.294922;0.987003
25.296875;0.990020
25.298828;0.992640
25.300781;0.994863
25.302734;0.996689
25.304688;0.998116
25.306641;0.999143
25.308594;0.999771
25.310547;0.999999
25.312500;0.999827
25.314453;0.999255
25.316406;0.998284
25.318359;0.996913
25.320312;0.995143
25.322266;0.992975
25.324219;0.990410
25.326172;0.987449
25.328125;0.984093
25.330078;0.980344
25.332031;0.976202
25.333984;0.971670
25.335938;0.966749
25.337891;0.961441
25.339844;0.955749
25.341797;0.949675
25.343750;0.943221
25.345703;0.936389
25.347656;0.929183
25.349609;0.921605
25.351562;0.913659
25.353516;0.905347
25.355469;0.896673
25.357422;0.887640
25.359375;0.878253
25.361328;0.868514
25.363281;0.858427
25.365234;0.847998
25.367188;0.837229
25.369141;0.826125
25.371094;0.814691
25.373047;0.802931
25.375000;0.790850
25.376953;0.778452
25.378906;0.765743
25.380859;0.752728
25.382812;0.739412
25.384766;0.725800
25.386719;0.711897
25.388672;0.697710
25.390625;0.683244
25.392578;0.668504
25.394531;0.653498
25.396484;0.638229
25.398438;0.622706
25.400391;0.606933
25.402344;0.590918
25.404297;0.574666
25.406250;0.558185
25.408203;0.541480
25.410156;0.524558
25.412109;0.507427
25.414062;0.490093
25.416016;0.472562
25.417969;0.454843
25.419922;0.436942
25.421875;0.418866
25.423828;0.400622
25.425781;0.382219
25.427734;0.363662
25.429688;0.344960
25.431641;0.326120
25.433594;0.307149
25.435547;0.288056
25.437500;0.268847
25.439453;0.249531
25.441406;0.230115
25.443359;0.210607
25.445312;0.191015
25.447266;0.171346
25.449219;0.151609
25.451172;0.131811
25.453125;0.111961
25.455078;0.092066
25.457031;0.072133
25.458984;0.052172
25.460938;0.032191
25.462891;0.012196
25.464844;-0.007804
25.466797;-0.027800
25.468750;-0.047786
25.470703;-0.067752
25.472656;-0.087691
25.474609;-0.107595
25.476562;-0.127456
25.478516;-0.147266
25.480469;-0.167018
25.482422;-0.186702
25.484375;-0.206312
25.486328;-0.225839
25.488281;-0.245276
25.490234;-0.264614
25.492188;-0.283847
25.494141;-0.302967
25.496094;-0.321965
25.498047;-0.340834
25.500000;-0.359567
25.501953;-0.378156
25.503906;-0.396594
25.505859;-0.414874
25.507812;-0.432987
25.509766;-0.450927
25.511719;-0.468687
25.513672;-0.486259
25.515625;-0.503637
25.517578;-0.520814
25.519531;-0.537782
25.521484;-0.554535
25.523438;-0.571066
25.525391;-0.587369
25.527344;-0.603437
25.529297;-0.619263
25.531250;-0.634842
25.533203;-0.650167
25.535156;-0.665232
25.537109;-0.680030
25.539062;-0.694557
25.541016;-0.708806
25.542969;-0.722771
25.544922;-0.736448
25.546875;-0.749829
25.548828;-0.762911
25.550781;-0.775688
25.552734;-0.788154
25.554688;-0.800305
25.556641;-0.812136
25.558594;-0.823642
25.560547;-0.834819
25.562500;-0.845662
25.564453;-0.856166
25.566406;-0.866328
25.568359;-0.876144
25.570312;-0.885609
25.572266;-0.894720
25.574219;-0.903473
25.576172;-0.911865
25.578125;-0.919892
25.580078;-0.927551
25.582031;-0.934838
25.583984;-0.941752
25.585938;-0.948290
25.587891;-0.954448
25.589844;-0.960224
25.591797;-0.965616
25.593750;-0.970622
25.595703;-0.975240
25.597656;-0.979468
25.599609;-0.983304
25.601562;-0.986746
25.603516;-0.989794
25.605469;-0.992446
25.607422;-0.994701
25.609375;-0.996558
25.611328;-0.998017
25.613281;-0.999076
25.615234;-0.999736
25.617188;-0.999996
25.619141;-0.999855
25.621094;-0.999315
25.623047;-0.998376
25.625000;-0.997036
25.626953;-0.995298
25.628906;-0.993162
25.630859;-0.990629
25.632812;-0.987700
25.634766;-0.984375
25.636719;-0.980657
25.638672;-0.976546
25.640625;-0.972045
25.642578;-0.967155
25.644531;-0.961878
25.646484;-0.956217
25.648438;-0.950172
25.650391;-0.943748
25.652344;-0.936947
25.654297;-0.929770
25.656250;-0.922222
25.658203;-0.914305
25.660156;-0.906022
25.662109;-0.897377
25.664062;-0.888373
25.666016;-0.879013
25.667969;-0.869302
25.669922;-0.859243
25.671875;-0.848841
25.673828;-0.838099
25.675781;-0.827022
25.677734;-0.815614
25.679688;-0.803879
25.681641;-0.791823
25.683594;-0.779451
25.685547;-0.766767
25.687500;-0.753776
25.689453;-0.740483
25.691406;-0.726894
25.693359;-0.713015
25.695312;-0.698850
25.697266;-0.684406
25.699219;-0.669688
25.701172;-0.654702
25.703125;-0.639455
25.705078;-0.623951
25.707031;-0.608198
25.708984;-0.592202
25.710938;-0.575969
25.712891;-0.559505
25.714844;-0.542818
25.716797;-0.525913
25.718750;-0.508799
25.720703;-0.491480
25.722656;-0.473965
25.724609;-0.456261
25.726562;-0.438374
25.728516;-0.420312
25.730469;-0.402081
25.732422;-0.383690
25.734375;-0.365145
25.736328;-0.346454
25.738281;-0.327625
25.740234;-0.308665
25.742188;-0.289581
25.744141;-0.270381
25.746094;-0.251073
25.748047;-0.231665
25.750000;-0.212164
25.751953;-0.192578
25.753906;-0.172915
25.755859;-0.153183
25.757812;-0.133390
25.759766;-0.113543
25.761719;-0.093651
25.763672;-0.073722
25.765625;-0.053763
25.767578;-0.033782
25.769531;-0.013788
25.771484;0.006211
25.773438;0.026208
25.775391;0.046195
25.777344;0.066163
25.779297;0.086104
25.781250;0.106012
25.783203;0.125876
25.785156;0.145691
25.787109;0.165447
25.789062;0.185137
25.791016;0.204753
25.792969;0.224287
25.794922;0.243731
25.796875;0.263078
25.798828;0.282320
25.800781;0.301448
25.802734;0.320456
25.804688;0.339336
25.806641;0.358080
25.808594;0.376681
25.810547;0.395132
25.812500;0.413424
25.814453;0.431551
25.816406;0.449505
25.818359;0.467280
25.820312;0.484867
25.822266;0.502261
25.824219;0.519453
25.826172;0.536438
25.828125;0.553209
25.830078;0.569758
25.832031;0.586079
25.833984;0.602166
25.835938;0.618012
25.837891;0.633610
25.839844;0.648956
25.841797;0.664042
25.843750;0.678862
25.845703;0.693410
25.847656;0.707681
25.849609;0.721670
25.851562;0.735369
25.853516;0.748774
25.855469;0.761880
25.857422;0.774681
25.859375;0.787173
25.861328;0.799349
25.863281;0.811206
25.865234;0.822738
25.867188;0.833941
25.869141;0.844811
25.871094;0.855342
25.873047;0.865532
25.875000;0.875375
25.876953;0.884868
25.878906;0.894008
25.880859;0.902789
25.882812;0.911210
25.884766;0.919266
25.886719;0.926954
25.888672;0.934272
25.890625;0.941216
25.892578;0.947783
25.894531;0.953971
25.896484;0.959778
25.898438;0.965201
25.900391;0.970238
25.902344;0.974887
25.904297;0.979145
25.906250;0.983012
25.908203;0.986486
25.910156;0.989566
25.912109;0.992249
25.914062;0.994536
25.916016;0.996425
25.917969;0.997915
25.919922;0.999006
25.921875;0.999698
25.923828;0.999990
25.925781;0.999881
25.927734;0.999373
25.929688;0.998465
25.931641;0.997158
25.933594;0.995451
25.935547;0.993347
25.937500;0.990845
25.939453;0.987947
25.941406;0.984654
25.943359;0.980967
25.945312;0.976888
25.947266;0.972418
25.949219;0.967559
25.951172;0.962312
25.953125;0.956681
25.955078;0.950668
25.957031;0.944274
25.958984;0.937502
25.960938;0.930356
25.962891;0.922837
25.964844;0.914949
25.966797;0.906695
25.968750;0.898079
25.970703;0.889103
25.972656;0.879772
25.974609;0.870088
25.976562;0.860057
25.978516;0.849682
25.980469;0.838967
25.982422;0.827916
25.984375;0.816534
25.986328;0.804826
25.988281;0.792795
25.990234;0.780448
25.992188;0.767788
25.994141;0.754821
25.996094;0.741553
25.998047;0.727987
26.000000;0.714131
26.001953;0.699989
26.003906;0.685566
26.005859;0.670870
26.007812;0.655905
26.009766;0.640678
26.011719;0.625195
26.013672;0.609462
26.015625;0.593485
26.017578;0.577270
26.019531;0.560825
26.021484;0.544155
26.023438;0.527268
26.025391;0.510169
26.027344;0.492867
26.029297;0.475367
26.031250;0.457678
26.033203;0.439805
26.035156;0.421756
26.037109;0.403539
26.039062;0.385160
26.041016;0.366628
26.042969;0.347948
26.044922;0.329129
26.046875;0.310179
26.048828;0.291105
26.050781;0.271914
26.052734;0.252615
26.054688;0.233214
26.056641;0.213720
26.058594;0.194141
26.060547;0.174484
26.062500;0.154757
26.064453;0.134968
26.066406;0.115126
26.068359;0.095237
26.070312;0.075310
26.072266;0.055353
26.074219;0.035374
26.076172;0.015381
26.078125;-0.004618
26.080078;-0.024616
26.082031;-0.044604
26.083984;-0.064574
26.085938;-0.084518
26.087891;-0.104428
26.089844;-0.124296
26.091797;-0.144115
26.093750;-0.163876
26.095703;-0.183572
26.097656;-0.203194
26.099609;-0.222734
26.101562;-0.242186
26.103516;-0.261541
26.105469;-0.280791
26.107422;-0.299929
26.109375;-0.318947
26.111328;-0.337838
26.113281;-0.356593
26.115234;-0.375206
26.117188;-0.393668
26.119141;-0.411973
26.121094;-0.430113
26.123047;-0.448082
26.125000;-0.465871
26.126953;-0.483474
26.128906;-0.500883
26.130859;-0.518092
26.132812;-0.535094
26.134766;-0.551881
26.136719;-0.568448
26.138672;-0.584788
26.140625;-0.600893
26.142578;-0.616759
26.144531;-0.632378
26.146484;-0.647743
26.148438;-0.662850
26.150391;-0.677691
26.152344;-0.692262
26.154297;-0.706555
26.156250;-0.720566
26.158203;-0.734289
26.160156;-0.747718
26.162109;-0.760848
26.164062;-0.773673
26.166016;-0.786189
26.167969;-0.798391
26.169922;-0.810273
26.171875;-0.821832
26.173828;-0.833061
26.175781;-0.843957
26.177734;-0.854516
26.179688;-0.864733
26.181641;-0.874604
26.183594;-0.884125
26.185547;-0.893293
26.187500;-0.902103
26.189453;-0.910552
26.191406;-0.918638
26.193359;-0.926355
26.195312;-0.933703
26.197266;-0.940676
26.199219;-0.947274
26.201172;-0.953493
26.203125;-0.959330
26.205078;-0.964783
26.207031;-0.969851
26.208984;-0.974531
26.210938;-0.978821
26.212891;-0.982719
26.214844;-0.986224
26.216797;-0.989335
26.218750;-0.992050
26.220703;-0.994368
26.222656;-0.996289
26.224609;-0.997811
26.226562;-0.998934
26.228516;-0.999657
26.230469;-0.999981
26.232422;-0.999904
26.234375;-0.999428
26.236328;-0.998552
26.238281;-0.997276
26.240234;-0.995602
26.242188;-0.993529
26.244141;-0.991059
26.246094;-0.988193
26.248047;-0.984931
26.250000;-0.981275
26.251953;-0.977227
26.253906;-0.972788
26.255859;-0.967960
26.257812;-0.962744
26.259766;-0.957144
26.261719;-0.951161
26.263672;-0.944797
26.265625;-0.938055
26.267578;-0.930938
26.269531;-0.923449
26.271484;-0.915591
26.273438;-0.907366
26.275391;-0.898778
26.277344;-0.889831
26.279297;-0.880528
26.281250;-0.870872
26.283203;-0.860869
26.285156;-0.850521
26.287109;-0.839832
26.289062;-0.828808
26.291016;-0.817452
26.292969;-0.805770
26.294922;-0.793765
26.296875;-0.781442
26.298828;-0.768807
26.300781;-0.755865
26.302734;-0.742620
26.304688;-0.729078
26.306641;-0.715245
26.308594;-0.701125
26.310547;-0.686725
26.312500;-0.672050
26.314453;-0.657107
26.316406;-0.641900
26.318359;-0.626437
26.320312;-0.610724
26.322266;-0.594766
26.324219;-0.578570
26.326172;-0.562143
26.328125;-0.545491
26.330078;-0.528620
26.332031;-0.511538
26.333984;-0.494252
26.335938;-0.476768
26.337891;-0.459093
26.339844;-0.441235
26.341797;-0.423200
26.343750;-0.404996
26.345703;-0.386630
26.347656;-0.368109
26.349609;-0.349441
26.351562;-0.330633
26.353516;-0.311693
26.355469;-0.292628
26.357422;-0.273446
26.359375;-0.254155
26.361328;-0.234763
26.363281;-0.215276
26.365234;-0.195703
26.367188;-0.176052
26.369141;-0.156330
26.371094;-0.136546
26.373047;-0.116708
26.375000;-0.096822
26.376953;-0.076898
26.378906;-0.056943
26.380859;-0.036966
26.382812;-0.016973
26.384766;0.003026
26.386719;0.023024
26.388672;0.043012
26.390625;0.062984
26.392578;0.082930
26.394531;0.102844
26.396484;0.122716
26.398438;0.142539
26.400391;0.162305
26.402344;0.182006
26.404297;0.201634
26.406250;0.221181
26.408203;0.240641
26.410156;0.260003
26.412109;0.279262
26.414062;0.298409
26.416016;0.317437
26.417969;0.336338
26.419922;0.355104
26.421875;0.373729
26.423828;0.392203
26.425781;0.410521
26.427734;0.428675
26.429688;0.446657
26.431641;0.464461
26.433594;0.482079
26.435547;0.499504
26.437500;0.516729
26.439453;0.533747
26.441406;0.550552
26.443359;0.567137
26.445312;0.583495
26.447266;0.599620
26.449219;0.615504
26.451172;0.631143
26.453125;0.646529
26.455078;0.661656
26.457031;0.676519
26.458984;0.691111
26.460938;0.705427
26.462891;0.719461
26.464844;0.733207
26.466797;0.746659
26.468750;0.759813
26.470703;0.772663
26.472656;0.785204
26.474609;0.797431
26.476562;0.809339
26.478516;0.820923
26.480469;0.832179
26.482422;0.843102
26.484375;0.853688
26.486328;0.863932
26.488281;0.873831
26.490234;0.883380
26.492188;0.892576
26.494141;0.901415
26.496094;0.909893
26.498047;0.918007
26.500000;0.925754
26.501953;0.933131
26.503906;0.940135
26.505859;0.946762
26.507812;0.953011
26.509766;0.958879
26.511719;0.964363
26.513672;0.969462
26.515625;0.974172
26.517578;0.978493
26.519531;0.982423
26.521484;0.985959
26.523438;0.989102
26.525391;0.991848
26.527344;0.994198
26.529297;0.996151
26.531250;0.997704
26.533203;0.998859
26.535156;0.999614
26.537109;0.999970
26.539062;0.999925
26.541016;0.999481
26.542969;0.998636
26.544922;0.997393
26.546875;0.995750
26.548828;0.993709
26.550781;0.991270
26.552734;0.988435
26.554688;0.985205
26.556641;0.981581
26.558594;0.977564
26.560547;0.973156
26.562500;0.968358
26.564453;0.963174
26.566406;0.957604
26.568359;0.951651
26.570312;0.945318
26.572266;0.938606
26.574219;0.931519
26.576172;0.924059
26.578125;0.916230
26.580078;0.908034
26.582031;0.899475
26.583984;0.890556
26.585938;0.881281
26.587891;0.871654
26.589844;0.861678
26.591797;0.851357
26.593750;0.840696
26.595703;0.829698
26.597656;0.818369
26.599609;0.806712
26.601562;0.794733
26.603516;0.782435
26.605469;0.769825
26.607422;0.756907
26.609375;0.743686
26.611328;0.730167
26.613281;0.716357
26.615234;0.702260
26.617188;0.687882
26.619141;0.673229
26.621094;0.658307
26.623047;0.643121
26.625000;0.627678
26.626953;0.611984
26.628906;0.596045
26.630859;0.579868
26.632812;0.563459
26.634766;0.546825
26.636719;0.529971
26.638672;0.512906
26.640625;0.495636
26.642578;0.478167
26.644531;0.460508
26.646484;0.442664
26.648438;0.424642
26.650391;0.406452
26.652344;0.388098
26.654297;0.369589
26.656250;0.350933
26.658203;0.332136
26.660156;0.313206
26.662109;0.294151
26.664062;0.274978
26.666016;0.255695
26.667969;0.236310
26.669922;0.216831
26.671875;0.197265
26.673828;0.177620
26.675781;0.157903
26.677734;0.138124
26.679688;0.118289
26.681641;0.098407
26.683594;0.078486
26.685547;0.058533
26.687500;0.038557
26.689453;0.018566
26.691406;-0.001433
26.693359;-0.021431
26.695312;-0.041421
26.697266;-0.061394
26.699219;-0.081343
26.701172;-0.101259
26.703125;-0.121135
26.705078;-0.140962
26.707031;-0.160733
26.708984;-0.180439
26.710938;-0.200074
26.712891;-0.219628
26.714844;-0.239094
26.716797;-0.258465
26.718750;-0.277733
26.720703;-0.296889
26.722656;-0.315927
26.724609;-0.334838
26.726562;-0.353615
26.728516;-0.372251
26.730469;-0.390738
26.732422;-0.409068
26.734375;-0.427236
26.736328;-0.445232
26.738281;-0.463050
26.740234;-0.480683
26.742188;-0.498123
26.744141;-0.515365
26.746094;-0.532400
26.748047;-0.549222
26.750000;-0.565825
26.751953;-0.582201
26.753906;-0.598344
26.755859;-0.614248
26.757812;-0.629907
26.759766;-0.645313
26.761719;-0.660461
26.763672;-0.675345
26.765625;-0.689959
26.767578;-0.704297
26.769531;-0.718354
26.771484;-0.732123
26.773438;-0.745599
26.775391;-0.758777
26.777344;-0.771651
26.779297;-0.784217
26.781250;-0.796469
26.783203;-0.808402
26.785156;-0.820013
26.787109;-0.831295
26.789062;-0.842244
26.791016;-0.852857
26.792969;-0.863129
26.794922;-0.873055
26.796875;-0.882632
26.798828;-0.891856
26.800781;-0.900724
26.802734;-0.909231
26.804688;-0.917374
26.806641;-0.925151
26.808594;-0.932557
26.810547;-0.939591
26.812500;-0.946248
26.814453;-0.952528
26.816406;-0.958426
26.818359;-0.963941
26.820312;-0.969070
26.822266;-0.973811
26.824219;-0.978163
26.826172;-0.982124
26.828125;-0.985692
26.830078;-0.988866
26.832031;-0.991644
26.833984;-0.994026
26.835938;-0.996010
26.837891;-0.997595
26.839844;-0.998782
26.841797;-0.999569
26.843750;-0.999956
26.845703;-0.999943
26.847656;-0.999531
26.849609;-0.998718
26.851562;-0.997506
26.853516;-0.995895
26.855469;-0.993886
26.857422;-0.991479
26.859375;-0.988676
26.861328;-0.985477
26.863281;-0.981884
26.865234;-0.977898
26.867188;-0.973521
26.869141;-0.968755
26.871094;-0.963601
26.873047;-0.958062
26.875000;-0.952139
26.876953;-0.945836
26.878906;-0.939154
26.880859;-0.932097
26.882812;-0.924667
26.884766;-0.916867
26.886719;-0.908700
26.888672;-0.900170
26.890625;-0.891280
26.892578;-0.882033
26.894531;-0.872434
26.896484;-0.862485
26.898438;-0.852192
26.900391;-0.841557
26.902344;-0.830586
26.904297;-0.819283
26.906250;-0.807652
26.908203;-0.795698
26.910156;-0.783426
26.912109;-0.770841
26.914062;-0.757947
26.916016;-0.744750
26.917969;-0.731255
26.919922;-0.717467
26.921875;-0.703393
26.923828;-0.689037
26.925781;-0.674406
26.927734;-0.659505
26.929688;-0.644340
26.931641;-0.628917
26.933594;-0.613243
26.935547;-0.597324
26.937500;-0.581165
26.939453;-0.564774
26.941406;-0.548158
26.943359;-0.531321
26.945312;-0.514273
26.947266;-0.497019
26.949219;-0.479566
26.951172;-0.461921
26.953125;-0.444091
26.955078;-0.426084
26.957031;-0.407906
26.958984;-0.389565
26.960938;-0.371069
26.962891;-0.352424
26.964844;-0.333638
26.966797;-0.314718
26.968750;-0.295673
26.970703;-0.276509
26.972656;-0.257235
26.974609;-0.237858
26.976562;-0.218385
26.978516;-0.198826
26.980469;-0.179187
26.982422;-0.159476
26.984375;-0.139701
26.986328;-0.119871
26.988281;-0.099992
26.990234;-0.080074
26.992188;-0.060123
26.994141;-0.040149
26.996094;-0.020158
26.998047;-0.000160
27.000000;0.019839
27.001953;0.039830
27.003906;0.059805
27.005859;0.079756
27.007812;0.099675
27.009766;0.119554
27.011719;0.139385
27.013672;0.159161
27.015625;0.178872
27.017578;0.198513
27.019531;0.218074
27.021484;0.237548
27.023438;0.256926
27.025391;0.276202
27.027344;0.295368
27.029297;0.314415
27.031250;0.333337
27.033203;0.352125
27.035156;0.370772
27.037109;0.389271
27.039062;0.407615
27.041016;0.425795
27.042969;0.443805
27.044922;0.461637
27.046875;0.479285
27.048828;0.496742
27.050781;0.513999
27.052734;0.531051
27.054688;0.547890
27.056641;0.564511
27.058594;0.580905
27.060547;0.597067
27.062500;0.612991
27.064453;0.628669
27.066406;0.644096
27.068359;0.659265
27.070312;0.674170
27.072266;0.688806
27.074219;0.703166
27.076172;0.717245
27.078125;0.731037
27.080078;0.744537
27.082031;0.757738
27.083984;0.770637
27.085938;0.783228
27.087891;0.795505
27.089844;0.807464
27.091797;0.819100
27.093750;0.830408
27.095703;0.841385
27.097656;0.852024
27.099609;0.862323
27.101562;0.872277
27.103516;0.881882
27.105469;0.891135
27.107422;0.900031
27.109375;0.908567
27.111328;0.916739
27.113281;0.924545
27.115234;0.931981
27.117188;0.939044
27.119141;0.945732
27.121094;0.952042
27.123047;0.957970
27.125000;0.963515
27.126953;0.968675
27.128906;0.973448
27.130859;0.977831
27.132812;0.981823
27.134766;0.985423
27.136719;0.988628
27.138672;0.991437
27.140625;0.993851
27.142578;0.995866
27.144531;0.997484
27.146484;0.998702
27.148438;0.999521
27.150391;0.999940
27.152344;0.999959
27.154297;0.999578
27.156250;0.998798
27.158203;0.997617
27.160156;0.996038
27.162109;0.994061
27.164062;0.991685
27.166016;0.988913
27.167969;0.985746
27.169922;0.982184
27.171875;0.978230
27.173828;0.973884
27.175781;0.969149
27.177734;0.964025
27.179688;0.958517
27.181641;0.952625
27.183594;0.946352
27.185547;0.939700
27.187500;0.932673
27.189453;0.925272
27.191406;0.917502
27.193359;0.909364
27.195312;0.900863
27.197266;0.892001
27.199219;0.882782
27.201172;0.873211
27.203125;0.863290
27.205078;0.853024
27.207031;0.842417
27.208984;0.831472
27.210938;0.820195
27.212891;0.808590
27.214844;0.796662
27.216797;0.784415
27.218750;0.771854
27.220703;0.758985
27.222656;0.745812
27.224609;0.732340
27.226562;0.718576
27.228516;0.704524
27.230469;0.690191
27.232422;0.675581
27.234375;0.660701
27.236328;0.645557
27.238281;0.630155
27.240234;0.614500
27.242188;0.598600
27.244141;0.582461
27.246094;0.566088
27.248047;0.549489
27.250000;0.532670
27.251953;0.515638
27.253906;0.498400
27.255859;0.480963
27.257812;0.463333
27.259766;0.445518
27.261719;0.427524
27.263672;0.409360
27.265625;0.391032
27.267578;0.372547
27.269531;0.353914
27.271484;0.335139
27.273438;0.316230
27.275391;0.297194
27.277344;0.278039
27.279297;0.258774
27.281250;0.239404
27.283203;0.219939
27.285156;0.200387
27.287109;0.180753
27.289062;0.161048
27.291016;0.141278
27.292969;0.121452
27.294922;0.101577
27.296875;0.081661
27.298828;0.061713
27.300781;0.041740
27.302734;0.021751
27.304688;0.001752
27.306641;-0.018247
27.308594;-0.038238
27.310547;-0.058215
27.312500;-0.078168
27.314453;-0.098090
27.316406;-0.117972
27.318359;-0.137808
27.320312;-0.157588
27.322266;-0.177305
27.324219;-0.196952
27.326172;-0.216519
27.328125;-0.236000
27.330078;-0.255387
27.332031;-0.274671
27.333984;-0.293846
27.335938;-0.312903
27.337891;-0.331834
27.339844;-0.350634
27.341797;-0.369292
27.343750;-0.387804
27.345703;-0.406160
27.347656;-0.424353
27.349609;-0.442377
27.351562;-0.460224
27.353516;-0.477887
27.355469;-0.495359
27.357422;-0.512632
27.359375;-0.529701
27.361328;-0.546557
27.363281;-0.563195
27.365234;-0.579608
27.367188;-0.595789
27.369141;-0.611732
27.371094;-0.627429
27.373047;-0.642876
27.375000;-0.658066
27.376953;-0.672993
27.378906;-0.687650
27.380859;-0.702033
27.382812;-0.716134
27.384766;-0.729949
27.386719;-0.743472
27.388672;-0.756698
27.390625;-0.769621
27.392578;-0.782236
27.394531;-0.794539
27.396484;-0.806523
27.398438;-0.818185
27.400391;-0.829520
27.402344;-0.840523
27.404297;-0.851190
27.406250;-0.861516
27.408203;-0.871497
27.410156;-0.881130
27.412109;-0.890411
27.414062;-0.899336
27.416016;-0.907900
27.417969;-0.916102
27.419922;-0.923937
27.421875;-0.931403
27.423828;-0.938496
27.425781;-0.945213
27.427734;-0.951553
27.429688;-0.957512
27.431641;-0.963088
27.433594;-0.968279
27.435547;-0.973082
27.437500;-0.977496
27.439453;-0.981520
27.441406;-0.985150
27.443359;-0.988387
27.445312;-0.991228
27.447266;-0.993673
27.449219;-0.995720
27.451172;-0.997369
27.453125;-0.998620
27.455078;-0.999470
27.457031;-0.999921
27.458984;-0.999972
27.460938;-0.999623
27.462891;-0.998874
27.464844;-0.997726
27.466797;-0.996179
27.468750;-0.994233
27.470703;-0.991889
27.472656;-0.989149
27.474609;-0.986013
27.476562;-0.982482
27.478516;-0.978559
27.480469;-0.974244
27.482422;-0.969540
27.484375;-0.964448
27.486328;-0.958970
27.488281;-0.953108
27.490234;-0.946865
27.492188;-0.940244
27.494141;-0.933246
27.496094;-0.925875
27.498047;-0.918134
27.500000;-0.910025
27.501953;-0.901553
27.503906;-0.892720
27.505859;-0.883530
27.507812;-0.873986
27.509766;-0.864093
27.511719;-0.853854
27.513672;-0.843274
27.515625;-0.832356
27.517578;-0.821105
27.519531;-0.809527
27.521484;-0.797624
27.523438;-0.785402
27.525391;-0.772866
27.527344;-0.760021
27.529297;-0.746872
27.531250;-0.733424
27.533203;-0.719683
27.535156;-0.705654
27.537109;-0.691342
27.539062;-0.676754
27.541016;-0.661896
27.542969;-0.646773
27.544922;-0.631391
27.546875;-0.615756
27.548828;-0.599875
27.550781;-0.583754
27.552734;-0.567400
27.554688;-0.550819
27.556641;-0.534017
27.558594;-0.517002
27.560547;-0.499780
27.562500;-0.482358
27.564453;-0.464744
27.566406;-0.446943
27.568359;-0.428964
27.570312;-0.410813
27.572266;-0.392497
27.574219;-0.374025
27.576172;-0.355403
27.578125;-0.336639
27.580078;-0.317740
27.582031;-0.298714
27.583984;-0.279569
27.585938;-0.260312
27.587891;-0.240951
27.589844;-0.221493
27.591797;-0.201947
27.593750;-0.182320
27.595703;-0.162620
27.597656;-0.142855
27.599609;-0.123033
27.601562;-0.103161
27.603516;-0.083249
27.605469;-0.063303
27.607422;-0.043332
27.609375;-0.023343
27.611328;-0.003345
27.613281;0.016654
27.615234;0.036647
27.617188;0.056625
27.619141;0.076580
27.621094;0.096504
27.623047;0.116390
27.625000;0.136230
27.626953;0.156015
27.628906;0.175737
27.630859;0.195390
27.632812;0.214964
27.634766;0.234452
27.636719;0.253846
27.638672;0.273139
27.640625;0.292323
27.642578;0.311389
27.644531;0.330332
27.646484;0.349142
27.648438;0.367812
27.650391;0.386335
27.652344;0.404704
27.654297;0.422911
27.656250;0.440948
27.658203;0.458809
27.660156;0.476487
27.662109;0.493974
27.664062;0.511264
27.666016;0.528349
27.667969;0.545223
27.669922;0.561878
27.671875;0.578309
27.673828;0.594509
27.675781;0.610471
27.677734;0.626188
27.679688;0.641656
27.681641;0.656866
27.683594;0.671814
27.685547;0.686493
27.687500;0.700897
27.689453;0.715021
27.691406;0.728860
27.693359;0.742406
27.695312;0.755656
27.697266;0.768603
27.699219;0.781243
27.701172;0.793571
27.703125;0.805581
27.705078;0.817268
27.707031;0.828629
27.708984;0.839659
27.710938;0.850353
27.712891;0.860706
27.714844;0.870715
27.716797;0.880376
27.718750;0.889685
27.720703;0.898638
27.722656;0.907232
27.724609;0.915462
27.726562;0.923327
27.728516;0.930822
27.730469;0.937945
27.732422;0.944692
27.734375;0.951062
27.736328;0.957051
27.738281;0.962658
27.740234;0.967879
27.742188;0.972714
27.744141;0.977159
27.746094;0.981214
27.748047;0.984876
27.750000;0.988144
27.751953;0.991017
27.753906;0.993493
27.755859;0.995572
27.757812;0.997253
27.759766;0.998535
27.761719;0.999417
27.763672;0.999900
27.765625;0.999983
27.767578;0.999666
27.769531;0.998949
27.771484;0.997832
27.773438;0.996316
27.775391;0.994402
27.777344;0.992090
27.779297;0.989381
27.781250;0.986277
27.783203;0.982778
27.785156;0.978886
27.787109;0.974602
27.789062;0.969929
27.791016;0.964867
27.792969;0.959420
27.794922;0.953589
27.796875;0.947376
27.798828;0.940785
27.800781;0.933817
27.802734;0.926476
27.804688;0.918764
27.806641;0.910684
27.808594;0.902241
27.810547;0.893436
27.812500;0.884274
27.814453;0.874759
27.816406;0.864893
27.818359;0.854682
27.820312;0.844129
27.822266;0.833238
27.824219;0.822013
27.826172;0.810461
27.828125;0.798583
27.830078;0.786387
27.832031;0.773876
27.833984;0.761055
27.835938;0.747930
27.837891;0.734506
27.839844;0.720788
27.841797;0.706781
27.843750;0.692492
27.845703;0.677926
27.847656;0.663089
27.849609;0.647986
27.851562;0.632625
27.853516;0.617010
27.855469;0.601149
27.857422;0.585047
27.859375;0.568711
27.861328;0.552148
27.863281;0.535363
27.865234;0.518365
27.867188;0.501159
27.869141;0.483753
27.871094;0.466153
27.873047;0.448367
27.875000;0.430402
27.876953;0.412264
27.878906;0.393962
27.880859;0.375502
27.882812;0.356891
27.884766;0.338138
27.886719;0.319250
27.888672;0.300234
27.890625;0.281098
27.892578;0.261849
27.894531;0.242496
27.896484;0.223046
27.898438;0.203506
27.900391;0.183885
27.902344;0.164191
27.904297;0.144431
27.906250;0.124613
27.908203;0.104745
27.910156;0.084836
27.912109;0.064892
27.914062;0.044923
27.916016;0.024935
27.917969;0.004938
27.919922;-0.015062
27.921875;-0.035055
27.923828;-0.055034
27.925781;-0.074992
27.927734;-0.094919
27.929688;-0.114808
27.931641;-0.134652
27.933594;-0.154441
27.935547;-0.174169
27.937500;-0.193827
27.939453;-0.213408
27.941406;-0.232903
27.943359;-0.252306
27.945312;-0.271607
27.947266;-0.290799
27.949219;-0.309876
27.951172;-0.328828
27.953125;-0.347649
27.955078;-0.366330
27.957031;-0.384866
27.958984;-0.403247
27.960938;-0.421467
27.962891;-0.439518
27.964844;-0.457394
27.966797;-0.475086
27.968750;-0.492589
27.970703;-0.509894
27.972656;-0.526996
27.974609;-0.543887
27.976562;-0.560560
27.978516;-0.577009
27.980469;-0.593228
27.982422;-0.609209
27.984375;-0.624946
27.986328;-0.640433
27.988281;-0.655664
27.990234;-0.670633
27.992188;-0.685334
27.994141;-0.699760
27.996094;-0.713907
27.998047;-0.727768
28.000000;-0.741338
28.001953;-0.754612
28.003906;-0.767583
28.005859;-0.780248
28.007812;-0.792600
28.009766;-0.804636
28.011719;-0.816350
28.013672;-0.827737
28.015625;-0.838793
28.017578;-0.849513
28.019531;-0.859894
28.021484;-0.869931
28.023438;-0.879620
28.025391;-0.888957
28.027344;-0.897938
28.029297;-0.906560
28.031250;-0.914820
28.033203;-0.922714
28.035156;-0.930238
28.037109;-0.937391
28.039062;-0.944169
28.041016;-0.950569
28.042969;-0.956588
28.044922;-0.962226
28.046875;-0.967478
28.048828;-0.972343
28.050781;-0.976820
28.052734;-0.980905
28.054688;-0.984598
28.056641;-0.987898
28.058594;-0.990802
28.060547;-0.993310
28.062500;-0.995421
28.064453;-0.997134
28.066406;-0.998447
28.068359;-0.999362
28.070312;-0.999876
28.072266;-0.999991
28.074219;-0.999706
28.076172;-0.999020
28.078125;-0.997936
28.080078;-0.996452
28.082031;-0.994569
28.083984;-0.992289
28.085938;-0.989612
28.087891;-0.986539
28.089844;-0.983071
28.091797;-0.979210
28.093750;-0.974958
28.095703;-0.970315
28.097656;-0.965285
28.099609;-0.959868
28.101562;-0.954067
28.103516;-0.947885
28.105469;-0.941324
28.107422;-0.934386
28.109375;-0.927074
28.111328;-0.919391
28.113281;-0.911341
28.115234;-0.902927
28.117188;-0.894151
28.119141;-0.885017
28.121094;-0.875529
28.123047;-0.865692
28.125000;-0.855508
28.126953;-0.844981
28.128906;-0.834117
28.130859;-0.822919
28.132812;-0.811392
28.134766;-0.799541
28.136719;-0.787370
28.138672;-0.774883
28.140625;-0.762087
28.142578;-0.748986
28.144531;-0.735586
28.146484;-0.721891
28.148438;-0.707907
28.150391;-0.693640
28.152344;-0.679096
28.154297;-0.664280
28.156250;-0.649199
28.158203;-0.633858
28.160156;-0.618263
28.162109;-0.602421
28.164062;-0.586338
28.166016;-0.570020
28.167969;-0.553475
28.169922;-0.536708
28.171875;-0.519726
28.173828;-0.502537
28.175781;-0.485146
28.177734;-0.467562
28.179688;-0.449790
28.181641;-0.431839
28.183594;-0.413715
28.185547;-0.395425
28.187500;-0.376977
28.189453;-0.358379
28.191406;-0.339637
28.193359;-0.320759
28.195312;-0.301753
28.197266;-0.282626
28.199219;-0.263386
28.201172;-0.244041
28.203125;-0.224598
28.205078;-0.205065
28.207031;-0.185451
28.208984;-0.165762
28.210938;-0.146007
28.212891;-0.126193
28.214844;-0.106329
28.216797;-0.086423
28.218750;-0.066482
28.220703;-0.046514
28.222656;-0.026527
28.224609;-0.006531
28.226562;0.013469
28.228516;0.033463
28.230469;0.053444
28.232422;0.073403
28.234375;0.093333
28.236328;0.113226
28.238281;0.133073
28.240234;0.152868
28.242188;0.172601
28.244141;0.192265
28.246094;0.211852
28.248047;0.231354
28.250000;0.250764
28.251953;0.270074
28.253906;0.289275
28.255859;0.308361
28.257812;0.327323
28.259766;0.346155
28.261719;0.364848
28.263672;0.383395
28.265625;0.401789
28.267578;0.420022
28.269531;0.438087
28.271484;0.455977
28.273438;0.473684
28.275391;0.491202
28.277344;0.508524
28.279297;0.525642
28.281250;0.542550
28.283203;0.559241
28.285156;0.575708
28.287109;0.591945
28.289062;0.607945
28.291016;0.623702
28.292969;0.639209
28.294922;0.654461
28.296875;0.669451
28.298828;0.684173
28.300781;0.698622
28.302734;0.712791
28.304688;0.726675
28.306641;0.740268
28.308594;0.753566
28.310547;0.766562
28.312500;0.779251
28.314453;0.791628
28.316406;0.803689
28.318359;0.815429
28.320312;0.826842
28.322266;0.837925
28.324219;0.848672
28.326172;0.859080
28.328125;0.869144
28.330078;0.878861
28.332031;0.888226
28.333984;0.897236
28.335938;0.905887
28.337891;0.914176
28.339844;0.922099
28.341797;0.929653
28.343750;0.936835
28.345703;0.943643
28.347656;0.950073
28.349609;0.956123
28.351562;0.961791
28.353516;0.967074
28.355469;0.971970
28.357422;0.976477
28.359375;0.980594
28.361328;0.984319
28.363281;0.987650
28.365234;0.990585
28.367188;0.993125
28.369141;0.995267
28.371094;0.997012
28.373047;0.998357
28.375000;0.999303
28.376953;0.999850
28.378906;0.999996
28.380859;0.999743
28.382812;0.999090
28.384766;0.998037
28.386719;0.996585
28.388672;0.994734
28.390625;0.992485
28.392578;0.989839
28.394531;0.986798
28.396484;0.983362
28.398438;0.979532
28.400391;0.975311
28.402344;0.970699
28.404297;0.965699
28.406250;0.960313
28.408203;0.954543
28.410156;0.948391
28.412109;0.941860
28.414062;0.934952
28.416016;0.927670
28.417969;0.920017
28.419922;0.911996
28.421875;0.903610
28.423828;0.894863
28.425781;0.885757
28.427734;0.876298
28.429688;0.866488
28.431641;0.856331
28.433594;0.845832
28.435547;0.834995
28.437500;0.823823
28.439453;0.812322
28.441406;0.800497
28.443359;0.788351
28.445312;0.775889
28.447266;0.763117
28.449219;0.750040
28.451172;0.736664
28.453125;0.722992
28.455078;0.709031
28.457031;0.694787
28.458984;0.680264
28.460938;0.665470
28.462891;0.650409
28.464844;0.635089
28.466797;0.619514
28.468750;0.603691
28.470703;0.587627
28.472656;0.571328
28.474609;0.554801
28.476562;0.538051
28.478516;0.521086
28.480469;0.503913
28.482422;0.486538
28.484375;0.468969
28.486328;0.451212
28.488281;0.433275
28.490234;0.415164
28.492188;0.396887
28.494141;0.378452
28.496094;0.359865
28.498047;0.341134
28.500000;0.322267
28.501953;0.303271
28.503906;0.284153
28.505859;0.264922
28.507812;0.245585
28.509766;0.226150
28.511719;0.206624
28.513672;0.187016
28.515625;0.167332
28.517578;0.147582
28.519531;0.127773
28.521484;0.107913
28.523438;0.088009
28.525391;0.068071
28.527344;0.048105
28.529297;0.028120
28.531250;0.008123
28.533203;-0.011876
28.535156;-0.031871
28.537109;-0.051853
28.539062;-0.071815
28.541016;-0.091747
28.542969;-0.111643
28.544922;-0.131495
28.546875;-0.151293
28.548828;-0.171032
28.550781;-0.190701
28.552734;-0.210295
28.554688;-0.229804
28.556641;-0.249222
28.558594;-0.268540
28.560547;-0.287750
28.562500;-0.306845
28.564453;-0.325818
28.566406;-0.344660
28.568359;-0.363364
28.570312;-0.381923
28.572266;-0.400330
28.574219;-0.418576
28.576172;-0.436655
28.578125;-0.454559
28.580078;-0.472281
28.582031;-0.489814
28.583984;-0.507152
28.585938;-0.524286
28.587891;-0.541211
28.589844;-0.557919
28.591797;-0.574405
28.593750;-0.590660
28.595703;-0.606679
28.597656;-0.622456
28.599609;-0.637983
28.601562;-0.653256
28.603516;-0.668267
28.605469;-0.683011
28.607422;-0.697481
28.609375;-0.711673
28.611328;-0.725580
28.613281;-0.739197
28.615234;-0.752518
28.617188;-0.765538
28.619141;-0.778252
28.621094;-0.790654
28.623047;-0.802740
28.625000;-0.814506
28.626953;-0.825945
28.628906;-0.837054
28.630859;-0.847828
28.632812;-0.858264
28.634766;-0.868355
28.636719;-0.878100
28.638672;-0.887493
28.640625;-0.896532
28.642578;-0.905211
28.644531;-0.913529
28.646484;-0.921481
28.648438;-0.929065
28.650391;-0.936277
28.652344;-0.943114
28.654297;-0.949575
28.656250;-0.955655
28.658203;-0.961353
28.660156;-0.966667
28.662109;-0.971594
28.664062;-0.976133
28.666016;-0.980281
28.667969;-0.984037
28.669922;-0.987399
28.671875;-0.990366
28.673828;-0.992937
28.675781;-0.995111
28.677734;-0.996887
28.679688;-0.998265
28.681641;-0.999243
28.683594;-0.999821
28.685547;-0.999999
28.687500;-0.999778
28.689453;-0.999156
28.691406;-0.998135
28.693359;-0.996715
28.695312;-0.994896
28.697266;-0.992679
28.699219;-0.990065
28.701172;-0.987055
28.703125;-0.983650
28.705078;-0.979851
28.707031;-0.975661
28.708984;-0.971081
28.710938;-0.966112
28.712891;-0.960756
28.714844;-0.955017
28.716797;-0.948895
28.718750;-0.942394
28.720703;-0.935516
28.722656;-0.928263
28.724609;-0.920640
28.726562;-0.912648
28.728516;-0.904291
28.730469;-0.895572
28.732422;-0.886496
28.734375;-0.877064
28.736328;-0.867282
28.738281;-0.857153
28.740234;-0.846681
28.742188;-0.835870
28.744141;-0.824725
28.746094;-0.813250
28.748047;-0.801450
28.750000;-0.789329
28.751953;-0.776893
28.753906;-0.764146
28.755859;-0.751093
28.757812;-0.737740
28.759766;-0.724091
28.761719;-0.710153
28.763672;-0.695931
28.765625;-0.681431
28.767578;-0.666658
28.769531;-0.651618
28.771484;-0.636318
28.773438;-0.620763
28.775391;-0.604960
28.777344;-0.588915
28.779297;-0.572635
28.781250;-0.556125
28.783203;-0.539393
28.785156;-0.522445
28.787109;-0.505288
28.789062;-0.487929
28.791016;-0.470375
28.792969;-0.452633
28.794922;-0.434710
28.796875;-0.416613
28.798828;-0.398349
28.800781;-0.379926
28.802734;-0.361351
28.804688;-0.342631
28.806641;-0.323774
28.808594;-0.304788
28.810547;-0.285680
28.812500;-0.266458
28.814453;-0.247129
28.816406;-0.227701
28.818359;-0.208182
28.820312;-0.188580
28.822266;-0.168902
28.824219;-0.149157
28.826172;-0.129353
28.828125;-0.109496
28.830078;-0.089596
28.832031;-0.069660
28.833984;-0.049696
28.835938;-0.029712
28.837891;-0.009716
28.839844;0.010284
28.841797;0.030279
28.843750;0.050263
28.845703;0.070226
28.847656;0.090161
28.849609;0.110061
28.851562;0.129916
28.853516;0.149719
28.855469;0.169462
28.857422;0.189138
28.859375;0.208738
28.861328;0.228254
28.863281;0.247679
28.865234;0.267005
28.867188;0.286224
28.869141;0.305329
28.871094;0.324312
28.873047;0.343165
28.875000;0.361880
28.876953;0.380451
28.878906;0.398870
28.880859;0.417129
28.882812;0.435221
28.884766;0.453139
28.886719;0.470876
28.888672;0.488425
28.890625;0.505778
28.892578;0.522929
28.894531;0.539871
28.896484;0.556597
28.898438;0.573100
28.900391;0.589374
28.902344;0.605412
28.904297;0.621209
28.906250;0.636756
28.908203;0.652049
28.910156;0.667081
28.912109;0.681846
28.914062;0.696339
28.916016;0.710553
28.917969;0.724483
28.919922;0.738123
28.921875;0.751468
28.923828;0.764512
28.925781;0.777250
28.927734;0.789678
28.929688;0.801790
28.931641;0.813581
28.933594;0.825046
28.935547;0.836182
28.937500;0.846983
28.939453;0.857445
28.941406;0.867564
28.943359;0.877337
28.945312;0.886758
28.947266;0.895825
28.949219;0.904533
28.951172;0.912880
28.953125;0.920861
28.955078;0.928474
28.957031;0.935716
28.958984;0.942584
28.960938;0.949074
28.962891;0.955185
28.964844;0.960914
28.966797;0.966258
28.968750;0.971216
28.970703;0.975785
28.972656;0.979965
28.974609;0.983752
28.976562;0.987146
28.978516;0.990144
28.980469;0.992747
28.982422;0.994953
28.984375;0.996761
28.986328;0.998170
28.988281;0.999179
28.990234;0.999790
28.992188;1.000000
28.994141;0.999810
28.996094;0.999220
28.998047;0.998231
29.000000;0.996843
29.001953;0.995055
29.003906;0.992870
29.005859;0.990287
29.007812;0.987309
29.009766;0.983935
29.011719;0.980168
29.013672;0.976009
29.015625;0.971460
29.017578;0.966522
29.019531;0.961197
29.021484;0.955488
29.023438;0.949396
29.025391;0.942925
29.027344;0.936077
29.029297;0.928855
29.031250;0.921260
29.033203;0.913298
29.035156;0.904970
29.037109;0.896280
29.039062;0.887231
29.041016;0.877828
29.042969;0.868074
29.044922;0.857972
29.046875;0.847527
29.048828;0.836743
29.050781;0.825625
29.052734;0.814176
29.054688;0.802402
29.056641;0.790306
29.058594;0.777895
29.060547;0.765172
29.062500;0.752144
29.064453;0.738814
29.066406;0.725189
29.068359;0.711274
29.070312;0.697074
29.072266;0.682596
29.074219;0.667844
29.076172;0.652826
29.078125;0.637546
29.080078;0.622011
29.082031;0.606228
29.083984;0.590202
29.085938;0.573940
29.087891;0.557448
29.089844;0.540733
29.091797;0.523803
29.093750;0.506662
29.095703;0.489319
29.097656;0.471780
29.099609;0.454053
29.101562;0.436144
29.103516;0.418060
29.105469;0.399809
29.107422;0.381399
29.109375;0.362835
29.111328;0.344127
29.113281;0.325281
29.115234;0.306305
29.117188;0.287206
29.119141;0.267993
29.121094;0.248672
29.123047;0.229252
29.125000;0.209740
29.126953;0.190144
29.128906;0.170472
29.130859;0.150732
29.132812;0.130932
29.134766;0.111079
29.136719;0.091182
29.138672;0.071248
29.140625;0.051286
29.142578;0.031304
29.144531;0.011309
29.146484;-0.008691
29.148438;-0.028687
29.150391;-0.048672
29.152344;-0.068637
29.154297;-0.088575
29.156250;-0.108477
29.158203;-0.128336
29.160156;-0.148144
29.162109;-0.167892
29.164062;-0.187574
29.166016;-0.207180
29.167969;-0.226703
29.169922;-0.246136
29.171875;-0.265470
29.173828;-0.284698
29.175781;-0.303812
29.177734;-0.322805
29.179688;-0.341668
29.181641;-0.360395
29.183594;-0.378978
29.185547;-0.397409
29.187500;-0.415681
29.189453;-0.433787
29.191406;-0.451719
29.193359;-0.469471
29.195312;-0.487035
29.197266;-0.504404
29.199219;-0.521571
29.201172;-0.538530
29.203125;-0.555273
29.205078;-0.571794
29.207031;-0.588087
29.208984;-0.604144
29.210938;-0.619960
29.212891;-0.635527
29.214844;-0.650841
29.216797;-0.665894
29.218750;-0.680681
29.220703;-0.695195
29.222656;-0.709431
29.224609;-0.723384
29.226562;-0.737047
29.228516;-0.750416
29.230469;-0.763484
29.232422;-0.776247
29.234375;-0.788700
29.236328;-0.800837
29.238281;-0.812653
29.240234;-0.824145
29.242188;-0.835307
29.244141;-0.846135
29.246094;-0.856624
29.248047;-0.866771
29.250000;-0.876571
29.251953;-0.886021
29.253906;-0.895116
29.255859;-0.903853
29.257812;-0.912229
29.259766;-0.920239
29.261719;-0.927882
29.263672;-0.935153
29.265625;-0.942051
29.267578;-0.948571
29.269531;-0.954712
29.271484;-0.960472
29.273438;-0.965847
29.275391;-0.970835
29.277344;-0.975436
29.279297;-0.979646
29.281250;-0.983465
29.283203;-0.986890
29.285156;-0.989920
29.287109;-0.992554
29.289062;-0.994792
29.291016;-0.996631
29.292969;-0.998072
29.294922;-0.999114
29.296875;-0.999756
29.298828;-0.999998
29.300781;-0.999840
29.302734;-0.999282
29.304688;-0.998325
29.306641;-0.996968
29.308594;-0.995212
29.310547;-0.993058
29.312500;-0.990508
29.314453;-0.987560
29.316406;-0.984218
29.318359;-0.980483
29.320312;-0.976355
29.322266;-0.971836
29.324219;-0.966929
29.326172;-0.961635
29.328125;-0.955956
29.330078;-0.949896
29.332031;-0.943455
29.333984;-0.936636
29.335938;-0.929443
29.337891;-0.921879
29.339844;-0.913945
29.341797;-0.905646
29.343750;-0.896985
29.345703;-0.887965
29.347656;-0.878590
29.349609;-0.868863
29.351562;-0.858789
29.353516;-0.848371
29.355469;-0.837614
29.357422;-0.826522
29.359375;-0.815100
29.361328;-0.803351
29.363281;-0.791281
29.365234;-0.778895
29.367188;-0.766197
29.369141;-0.753192
29.371094;-0.739886
29.373047;-0.726285
29.375000;-0.712392
29.376953;-0.698215
29.378906;-0.683759
29.380859;-0.669029
29.382812;-0.654031
29.384766;-0.638772
29.386719;-0.623258
29.388672;-0.607494
29.390625;-0.591487
29.392578;-0.575243
29.394531;-0.558770
29.396484;-0.542073
29.398438;-0.525159
29.400391;-0.508035
29.402344;-0.490707
29.404297;-0.473184
29.406250;-0.455471
29.408203;-0.437576
29.410156;-0.419506
29.412109;-0.401269
29.414062;-0.382870
29.416016;-0.364319
29.417969;-0.345622
29.419922;-0.326787
29.421875;-0.307821
29.423828;-0.288731
29.425781;-0.269527
29.427734;-0.250214
29.429688;-0.230802
29.431641;-0.211297
29.433594;-0.191707
29.435547;-0.172041
29.437500;-0.152306
29.439453;-0.132511
29.441406;-0.112662
29.443359;-0.092768
29.445312;-0.072837
29.447266;-0.052877
29.449219;-0.032896
29.451172;-0.012901
29.453125;0.007098
29.455078;0.027095
29.457031;0.047081
29.458984;0.067048
29.460938;0.086988
29.462891;0.106894
29.464844;0.126757
29.466797;0.146569
29.468750;0.166322
29.470703;0.186009
29.472656;0.205621
29.474609;0.225151
29.476562;0.244592
29.478516;0.263934
29.480469;0.283171
29.482422;0.302294
29.484375;0.321297
29.486328;0.340171
29.488281;0.358909
29.490234;0.377503
29.492188;0.395947
29.494141;0.414232
29.496094;0.432351
29.498047;0.450298
29.500000;0.468064
29.501953;0.485643
29.503906;0.503028
29.505859;0.520211
29.507812;0.537187
29.509766;0.553948
29.511719;0.570487
29.513672;0.586798
29.515625;0.602874
29.517578;0.618709
29.519531;0.634297
29.521484;0.649631
29.523438;0.664705
29.525391;0.679513
29.527344;0.694049
29.529297;0.708308
29.531250;0.722284
29.533203;0.735970
29.535156;0.749362
29.537109;0.762455
29.539062;0.775242
29.541016;0.787720
29.542969;0.799882
29.544922;0.811724
29.546875;0.823242
29.548828;0.834430
29.550781;0.845285
29.552734;0.855802
29.554688;0.865976
29.556641;0.875804
29.558594;0.885281
29.560547;0.894405
29.562500;0.903170
29.564453;0.911575
29.566406;0.919615
29.568359;0.927287
29.570312;0.934588
29.572266;0.941515
29.574219;0.948066
29.576172;0.954237
29.578125;0.960027
29.580078;0.965433
29.582031;0.970452
29.583984;0.975084
29.585938;0.979325
29.587891;0.983175
29.589844;0.986631
29.591797;0.989693
29.593750;0.992359
29.595703;0.994628
29.597656;0.996499
29.599609;0.997972
29.601562;0.999045
29.603516;0.999719
29.605469;0.999993
29.607422;0.999867
29.609375;0.999341
29.611328;0.998415
29.613281;0.997090
29.615234;0.995367
29.617188;0.993245
29.619141;0.990725
29.621094;0.987810
29.623047;0.984499
29.625000;0.980795
29.626953;0.976698
29.628906;0.972210
29.630859;0.967334
29.632812;0.962071
29.634766;0.956423
29.636719;0.950392
29.638672;0.943981
29.640625;0.937193
29.642578;0.930030
29.644531;0.922495
29.646484;0.914591
29.648438;0.906321
29.650391;0.897688
29.652344;0.888696
29.654297;0.879349
29.656250;0.869651
29.658203;0.859604
29.660156;0.849214
29.662109;0.838483
29.664062;0.827418
29.666016;0.816022
29.667969;0.804299
29.669922;0.792254
29.671875;0.779893
29.673828;0.767219
29.675781;0.754239
29.677734;0.740957
29.679688;0.727379
29.681641;0.713509
29.683594;0.699355
29.685547;0.684920
29.687500;0.670212
29.689453;0.655235
29.691406;0.639997
29.693359;0.624502
29.695312;0.608758
29.697266;0.592770
29.699219;0.576545
29.701172;0.560090
29.703125;0.543410
29.705078;0.526513
29.707031;0.509406
29.708984;0.492095
29.710938;0.474586
29.712891;0.456889
29.714844;0.439008
29.716797;0.420952
29.718750;0.402727
29.720703;0.384341
29.722656;0.365802
29.724609;0.347116
29.726562;0.328291
29.728516;0.309336
29.730469;0.290256
29.732422;0.271060
29.734375;0.251756
29.736328;0.232351
29.738281;0.212853
29.740234;0.193270
29.742188;0.173610
29.744141;0.153880
29.746094;0.134089
29.748047;0.114244
29.750000;0.094354
29.751953;0.074425
29.753906;0.054467
29.755859;0.034487
29.757812;0.014494
29.759766;-0.005506
29.761719;-0.025503
29.763672;-0.045490
29.765625;-0.065459
29.767578;-0.085402
29.769531;-0.105310
29.771484;-0.125177
29.773438;-0.144993
29.775391;-0.164751
29.777344;-0.184444
29.779297;-0.204062
29.781250;-0.223599
29.783203;-0.243047
29.785156;-0.262397
29.787109;-0.281643
29.789062;-0.300776
29.791016;-0.319788
29.792969;-0.338673
29.794922;-0.357422
29.796875;-0.376028
29.798828;-0.394484
29.800781;-0.412782
29.802734;-0.430914
29.804688;-0.448875
29.806641;-0.466656
29.808594;-0.484250
29.810547;-0.501651
29.812500;-0.518851
29.814453;-0.535843
29.816406;-0.552621
29.818359;-0.569178
29.820312;-0.585507
29.822266;-0.601603
29.824219;-0.617457
29.826172;-0.633065
29.828125;-0.648419
29.830078;-0.663514
29.832031;-0.678344
29.833984;-0.692902
29.835938;-0.707183
29.837891;-0.721181
29.839844;-0.734891
29.841797;-0.748307
29.843750;-0.761423
29.845703;-0.774235
29.847656;-0.786737
29.849609;-0.798925
29.851562;-0.810793
29.853516;-0.822337
29.855469;-0.833552
29.857422;-0.844433
29.859375;-0.854977
29.861328;-0.865178
29.863281;-0.875034
29.865234;-0.884539
29.867188;-0.893691
29.869141;-0.902486
29.871094;-0.910919
29.873047;-0.918988
29.875000;-0.926689
29.876953;-0.934020
29.878906;-0.940977
29.880859;-0.947558
29.882812;-0.953760
29.884766;-0.959580
29.886719;-0.965016
29.888672;-0.970067
29.890625;-0.974729
29.892578;-0.979002
29.894531;-0.982883
29.896484;-0.986371
29.898438;-0.989464
29.900391;-0.992161
29.902344;-0.994462
29.904297;-0.996365
29.906250;-0.997869
29.908203;-0.998975
29.910156;-0.999680
29.912109;-0.999986
29.914062;-0.999892
29.916016;-0.999398
29.917969;-0.998504
29.919922;-0.997211
29.921875;-0.995518
29.923828;-0.993428
29.925781;-0.990940
29.927734;-0.988056
29.929688;-0.984777
29.931641;-0.981104
29.933594;-0.977038
29.935547;-0.972582
29.937500;-0.967737
29.939453;-0.962504
29.941406;-0.956887
29.943359;-0.950886
29.945312;-0.944506
29.947266;-0.937747
29.949219;-0.930614
29.951172;-0.923108
29.953125;-0.915233
29.955078;-0.906992
29.957031;-0.898389
29.958984;-0.889426
29.960938;-0.880107
29.962891;-0.870436
29.964844;-0.860417
29.966797;-0.850054
29.968750;-0.839350
29.970703;-0.828311
29.972656;-0.816941
29.974609;-0.805244
29.976562;-0.793225
29.978516;-0.780888
29.980469;-0.768240
29.982422;-0.755284
29.984375;-0.742026
29.986328;-0.728471
29.988281;-0.714624
29.990234;-0.700492
29.992188;-0.686080
29.994141;-0.671393
29.996094;-0.656438
29.998047;-0.641220
30.000000;-0.625746
30.001953;-0.610021
30.003906;-0.594052
30.005859;-0.577846
30.007812;-0.561409
30.009766;-0.544747
30.011719;-0.527867
30.013672;-0.510776
30.015625;-0.493481
30.017578;-0.475988
30.019531;-0.458305
30.021484;-0.440438
30.023438;-0.422396
30.025391;-0.404184
30.027344;-0.385811
30.029297;-0.367284
30.031250;-0.348609
30.033203;-0.329795
30.035156;-0.310850
30.037109;-0.291780
30.039062;-0.272593
30.041016;-0.253297
30.042969;-0.233900
30.044922;-0.214409
30.046875;-0.194833
30.048828;-0.175178
30.050781;-0.155454
30.052734;-0.135667
30.054688;-0.115826
30.056641;-0.095939
30.058594;-0.076014
30.060547;-0.056058
30.062500;-0.036079
30.064453;-0.016086
30.066406;0.003913
30.068359;0.023911
30.070312;0.043899
30.072266;0.063870
30.074219;0.083815
30.076172;0.103726
30.078125;0.123596
30.080078;0.143417
30.082031;0.163180
30.083984;0.182878
30.085938;0.202503
30.087891;0.222047
30.089844;0.241502
30.091797;0.260860
30.093750;0.280114
30.095703;0.299256
30.097656;0.318279
30.099609;0.337174
30.101562;0.355934
30.103516;0.374552
30.105469;0.393020
30.107422;0.411330
30.109375;0.429477
30.111328;0.447451
30.113281;0.465246
30.115234;0.482856
30.117188;0.500272
30.119141;0.517488
30.121094;0.534497
30.123047;0.551293
30.125000;0.567868
30.126953;0.584215
30.128906;0.600330
30.130859;0.616203
30.132812;0.631831
30.134766;0.647206
30.136719;0.662321
30.138672;0.677172
30.140625;0.691752
30.142578;0.706056
30.144531;0.720077
30.146484;0.733810
30.148438;0.747249
30.150391;0.760390
30.152344;0.773226
30.154297;0.785753
30.156250;0.797966
30.158203;0.809860
30.160156;0.821429
30.162109;0.832671
30.164062;0.843579
30.166016;0.854149
30.167969;0.864378
30.169922;0.874262
30.171875;0.883795
30.173828;0.892975
30.175781;0.901798
30.177734;0.910261
30.179688;0.918359
30.181641;0.926090
30.183594;0.933450
30.185547;0.940437
30.187500;0.947048
30.189453;0.953280
30.191406;0.959130
30.193359;0.964598
30.195312;0.969679
30.197266;0.974372
30.199219;0.978676
30.201172;0.982588
30.203125;0.986107
30.205078;0.989232
30.207031;0.991961
30.208984;0.994293
30.210938;0.996228
30.212891;0.997764
30.214844;0.998901
30.216797;0.999639
30.218750;0.999976
30.220703;0.999914
30.222656;0.999452
30.224609;0.998590
30.226562;0.997328
30.228516;0.995668
30.230469;0.993609
30.232422;0.991153
30.234375;0.988301
30.236328;0.985053
30.238281;0.981411
30.240234;0.977376
30.242188;0.972951
30.244141;0.968137
30.246094;0.962935
30.248047;0.957348
30.250000;0.951378
30.251953;0.945028
30.253906;0.938299
30.255859;0.931196
30.257812;0.923720
30.259766;0.915874
30.261719;0.907662
30.263672;0.899087
30.265625;0.890152
30.267578;0.880862
30.269531;0.871219
30.271484;0.861227
30.273438;0.850891
30.275391;0.840215
30.277344;0.829203
30.279297;0.817859
30.281250;0.806187
30.283203;0.794194
30.285156;0.781882
30.287109;0.769258
30.289062;0.756327
30.291016;0.743092
30.292969;0.729561
30.294922;0.715738
30.296875;0.701628
30.298828;0.687238
30.300781;0.672573
30.302734;0.657638
30.304688;0.642441
30.306641;0.626987
30.308594;0.611282
30.310547;0.595333
30.312500;0.579145
30.314453;0.562726
30.316406;0.546082
30.318359;0.529219
30.320312;0.512144
30.322266;0.494865
30.324219;0.477388
30.326172;0.459720
30.328125;0.441868
30.330078;0.423839
30.332031;0.405641
30.333984;0.387280
30.335938;0.368765
30.337891;0.350102
30.339844;0.331299
30.341797;0.312363
30.343750;0.293303
30.345703;0.274125
30.347656;0.254838
30.349609;0.235448
30.351562;0.215965
30.353516;0.196395
30.355469;0.176746
30.357422;0.157027
30.359375;0.137245
30.361328;0.117408
30.363281;0.097524
30.365234;0.077602
30.367188;0.057648
30.369141;0.037671
30.371094;0.017679
30.373047;-0.002320
30.375000;-0.022318
30.376953;-0.042308
30.378906;-0.062280
30.380859;-0.082227
30.382812;-0.102142
30.384766;-0.122016
30.386719;-0.141840
30.388672;-0.161608
30.390625;-0.181312
30.392578;-0.200943
30.394531;-0.220493
30.396484;-0.239956
30.398438;-0.259322
30.400391;-0.278585
30.402344;-0.297736
30.404297;-0.316768
30.406250;-0.335674
30.408203;-0.354445
30.410156;-0.373074
30.412109;-0.391554
30.414062;-0.409878
30.416016;-0.428038
30.417969;-0.446026
30.419922;-0.463836
30.421875;-0.481461
30.423828;-0.498892
30.425781;-0.516125
30.427734;-0.533151
30.429688;-0.549963
30.431641;-0.566556
30.433594;-0.582922
30.435547;-0.599055
30.437500;-0.614948
30.439453;-0.630596
30.441406;-0.645991
30.443359;-0.661127
30.445312;-0.676000
30.447266;-0.690601
30.449219;-0.704927
30.451172;-0.718971
30.453125;-0.732727
30.455078;-0.746190
30.457031;-0.759354
30.458984;-0.772215
30.460938;-0.784767
30.462891;-0.797005
30.464844;-0.808924
30.466797;-0.820520
30.468750;-0.831788
30.470703;-0.842722
30.472656;-0.853320
30.474609;-0.863576
30.476562;-0.873487
30.478516;-0.883049
30.480469;-0.892257
30.482422;-0.901109
30.484375;-0.909600
30.486328;-0.917727
30.488281;-0.925487
30.490234;-0.932877
30.492188;-0.939894
30.494141;-0.946535
30.496094;-0.952797
30.498047;-0.958679
30.500000;-0.964176
30.501953;-0.969288
30.503906;-0.974013
30.505859;-0.978347
30.507812;-0.982291
30.509766;-0.985841
30.511719;-0.988998
30.513672;-0.991758
30.515625;-0.994122
30.517578;-0.996089
30.519531;-0.997656
30.521484;-0.998825
30.523438;-0.999595
30.525391;-0.999964
30.527344;-0.999934
30.529297;-0.999503
30.531250;-0.998673
30.533203;-0.997443
30.535156;-0.995815
30.537109;-0.993788
30.539062;-0.991363
30.541016;-0.988542
30.542969;-0.985326
30.544922;-0.981715
30.546875;-0.977712
30.548828;-0.973318
30.550781;-0.968534
30.552734;-0.963363
30.554688;-0.957807
30.556641;-0.951868
30.558594;-0.945547
30.560547;-0.938849
30.562500;-0.931775
30.564453;-0.924329
30.566406;-0.916512
30.568359;-0.908329
30.570312;-0.899783
30.572266;-0.890877
30.574219;-0.881615
30.576172;-0.872000
30.578125;-0.862036
30.580078;-0.851727
30.582031;-0.841078
30.583984;-0.830092
30.585938;-0.818774
30.587891;-0.807129
30.589844;-0.795161
30.591797;-0.782874
30.593750;-0.770275
30.595703;-0.757368
30.597656;-0.744157
30.599609;-0.730649
30.601562;-0.716849
30.603516;-0.702762
30.605469;-0.688394
30.607422;-0.673750
30.609375;-0.658837
30.611328;-0.643661
30.613281;-0.628227
30.615234;-0.612542
30.617188;-0.596612
30.619141;-0.580443
30.621094;-0.564042
30.623047;-0.547415
30.625000;-0.530570
30.626953;-0.513512
30.628906;-0.496249
30.630859;-0.478787
30.632812;-0.461134
30.634766;-0.443296
30.636719;-0.425281
30.638672;-0.407096
30.640625;-0.388748
30.642578;-0.370245
30.644531;-0.351593
30.646484;-0.332801
30.648438;-0.313876
30.650391;-0.294825
30.652344;-0.275656
30.654297;-0.256377
30.656250;-0.236996
30.658203;-0.217519
30.660156;-0.197956
30.662109;-0.178314
30.664062;-0.158600
30.666016;-0.138823
30.667969;-0.118990
30.669922;-0.099109
30.671875;-0.079189
30.673828;-0.059238
30.675781;-0.039262
30.677734;-0.019271
30.679688;0.000728
30.681641;0.020726
30.683594;0.040716
30.685547;0.060690
30.687500;0.080640
30.689453;0.100557
30.691406;0.120435
30.693359;0.140264
30.695312;0.160036
30.697266;0.179745
30.699219;0.199382
30.701172;0.218940
30.703125;0.238409
30.705078;0.257784
30.707031;0.277055
30.708984;0.296215
30.710938;0.315257
30.712891;0.334173
30.714844;0.352955
30.716797;0.371596
30.718750;0.390088
30.720703;0.408425
30.722656;0.426598
30.724609;0.444600
30.726562;0.462424
30.728516;0.480064
30.730469;0.497511
30.732422;0.514760
30.734375;0.531803
30.736328;0.548632
30.738281;0.565243
30.740234;0.581627
30.742188;0.597779
30.744141;0.613692
30.746094;0.629359
30.748047;0.644774
30.750000;0.659932
30.751953;0.674825
30.753906;0.689449
30.755859;0.703797
30.757812;0.717863
30.759766;0.731642
30.761719;0.745129
30.763672;0.758317
30.765625;0.771202
30.767578;0.783779
30.769531;0.796042
30.771484;0.807987
30.773438;0.819609
30.775391;0.830902
30.777344;0.841864
30.779297;0.852489
30.781250;0.862772
30.783203;0.872711
30.785156;0.882300
30.787109;0.891537
30.789062;0.900417
30.791016;0.908937
30.792969;0.917093
30.794922;0.924883
30.796875;0.932302
30.798828;0.939349
30.800781;0.946020
30.802734;0.952313
30.804688;0.958224
30.806641;0.963753
30.808594;0.968895
30.810547;0.973651
30.812500;0.978017
30.814453;0.981991
30.816406;0.985573
30.818359;0.988761
30.820312;0.991553
30.822266;0.993949
30.824219;0.995947
30.826172;0.997546
30.828125;0.998747
30.830078;0.999548
30.832031;0.999949
30.833984;0.999951
30.835938;0.999552
30.837891;0.998754
30.839844;0.997556
30.841797;0.995959
30.843750;0.993964
30.845703;0.991571
30.847656;0.988781
30.849609;0.985596
30.851562;0.982017
30.853516;0.978045
30.855469;0.973682
30.857422;0.968929
30.859375;0.963789
30.861328;0.958264
30.863281;0.952355
30.865234;0.946065
30.867188;0.939396
30.869141;0.932352
30.871094;0.924935
30.873047;0.917148
30.875000;0.908994
30.876953;0.900477
30.878906;0.891599
30.880859;0.882365
30.882812;0.872778
30.884766;0.862842
30.886719;0.852560
30.888672;0.841938
30.890625;0.830979
30.892578;0.819687
30.894531;0.808068
30.896484;0.796125
30.898438;0.783864
30.900391;0.771290
30.902344;0.758407
30.904297;0.745220
30.906250;0.731736
30.908203;0.717959
30.910156;0.703894
30.912109;0.689548
30.914062;0.674927
30.916016;0.660035
30.917969;0.644879
30.919922;0.629465
30.921875;0.613800
30.923828;0.597889
30.925781;0.581739
30.927734;0.565356
30.929688;0.548747
30.931641;0.531919
30.933594;0.514878
30.935547;0.497631
30.937500;0.480185
30.939453;0.462546
30.941406;0.444723
30.943359;0.426722
30.945312;0.408550
30.947266;0.390215
30.949219;0.371724
30.951172;0.353084
30.953125;0.334303
30.955078;0.315388
30.957031;0.296347
30.958984;0.277187
30.960938;0.257916
30.962891;0.238543
30.964844;0.219074
30.966797;0.199517
30.968750;0.179881
30.970703;0.160172
30.972656;0.140400
30.974609;0.120571
30.976562;0.100694
30.978516;0.080777
30.980469;0.060828
30.982422;0.040854
30.984375;0.020864
30.986328;0.000865
30.988281;-0.019134
30.990234;-0.039125
30.992188;-0.059100
30.994141;-0.079052
30.996094;-0.098973
30.998047;-0.118853
31.000000;-0.138686
31.001953;-0.158464
31.003906;-0.178178
31.005859;-0.197821
31.007812;-0.217385
31.009766;-0.236862
31.011719;-0.256244
31.013672;-0.275524
31.015625;-0.294694
31.017578;-0.313745
31.019531;-0.332671
31.021484;-0.351464
31.023438;-0.370117
31.025391;-0.388621
31.027344;-0.406970
31.029297;-0.425157
31.031250;-0.443173
31.033203;-0.461012
31.035156;-0.478666
31.037109;-0.496129
31.039062;-0.513394
31.041016;-0.530453
31.042969;-0.547300
31.044922;-0.563928
31.046875;-0.580331
31.048828;-0.596501
31.050781;-0.612433
31.052734;-0.628120
31.054688;-0.643556
31.056641;-0.658734
31.058594;-0.673649
31.060547;-0.688294
31.062500;-0.702664
31.064453;-0.716753
31.066406;-0.730555
31.068359;-0.744065
31.070312;-0.757278
31.072266;-0.770187
31.074219;-0.782789
31.076172;-0.795077
31.078125;-0.807048
31.080078;-0.818695
31.082031;-0.830015
31.083984;-0.841003
31.085938;-0.851655
31.087891;-0.861966
31.089844;-0.871932
31.091797;-0.881550
31.093750;-0.890815
31.095703;-0.899723
31.097656;-0.908272
31.099609;-0.916457
31.101562;-0.924276
31.103516;-0.931725
31.105469;-0.938802
31.107422;-0.945503
31.109375;-0.951825
31.111328;-0.957767
31.113281;-0.963326
31.115234;-0.968500
31.117188;-0.973286
31.119141;-0.977683
31.121094;-0.981689
31.123047;-0.985302
31.125000;-0.988521
31.126953;-0.991345
31.128906;-0.993772
31.130859;-0.995802
31.132812;-0.997433
31.134766;-0.998666
31.136719;-0.999499
31.138672;-0.999932
31.140625;-0.999965
31.142578;-0.999599
31.144531;-0.998832
31.146484;-0.997666
31.148438;-0.996101
31.150391;-0.994137
31.152344;-0.991776
31.154297;-0.989018
31.156250;-0.985865
31.158203;-0.982317
31.160156;-0.978376
31.162109;-0.974044
31.164062;-0.969322
31.166016;-0.964213
31.167969;-0.958718
31.169922;-0.952839
31.171875;-0.946579
31.173828;-0.939941
31.175781;-0.932927
31.177734;-0.925539
31.179688;-0.917782
31.181641;-0.909657
31.183594;-0.901169
31.185547;-0.892320
31.187500;-0.883114
31.189453;-0.873554
31.191406;-0.863646
31.193359;-0.853392
31.195312;-0.842796
31.197266;-0.831864
31.199219;-0.820599
31.201172;-0.809005
31.203125;-0.797088
31.205078;-0.784852
31.207031;-0.772303
31.208984;-0.759444
31.210938;-0.746281
31.212891;-0.732820
31.214844;-0.719066
31.216797;-0.705025
31.218750;-0.690701
31.220703;-0.676101
31.222656;-0.661231
31.224609;-0.646096
31.226562;-0.630702
31.228516;-0.615057
31.230469;-0.599165
31.232422;-0.583034
31.234375;-0.566669
31.236328;-0.550078
31.238281;-0.533267
31.240234;-0.516243
31.242188;-0.499012
31.244141;-0.481581
31.246094;-0.463958
31.248047;-0.446149
31.250000;-0.428162
31.251953;-0.410003
31.253906;-0.391681
31.255859;-0.373202
31.257812;-0.354573
31.259766;-0.335803
31.261719;-0.316899
31.263672;-0.297867
31.265625;-0.278717
31.267578;-0.259455
31.269531;-0.240089
31.271484;-0.220628
31.273438;-0.201078
31.275391;-0.181447
31.277344;-0.161744
31.279297;-0.141976
31.281250;-0.122152
31.283203;-0.102279
31.285156;-0.082364
31.287109;-0.062417
31.289062;-0.042445
31.291016;-0.022456
31.292969;-0.002458
31.294922;0.017541
31.296875;0.037533
31.298828;0.057510
31.300781;0.077464
31.302734;0.097388
31.304688;0.117272
31.306641;0.137109
31.308594;0.156891
31.310547;0.176611
31.312500;0.196260
31.314453;0.215830
31.316406;0.235315
31.318359;0.254705
31.320312;0.273993
31.322266;0.293171
31.324219;0.312233
31.326172;0.331169
31.328125;0.349973
31.330078;0.368637
31.332031;0.387153
31.333984;0.405515
31.335938;0.423714
31.337891;0.441744
31.339844;0.459598
31.341797;0.477267
31.343750;0.494746
31.345703;0.512026
31.347656;0.529102
31.349609;0.545966
31.351562;0.562612
31.353516;0.579033
31.355469;0.595222
31.357422;0.611173
31.359375;0.626880
31.361328;0.642336
31.363281;0.657535
31.365234;0.672471
31.367188;0.687138
31.369141;0.701530
31.371094;0.715641
31.373047;0.729467
31.375000;0.743000
31.376953;0.756237
31.378906;0.769171
31.380859;0.781797
31.382812;0.794110
31.384766;0.806106
31.386719;0.817779
31.388672;0.829126
31.390625;0.840140
31.392578;0.850819
31.394531;0.861157
31.396484;0.871151
31.398438;0.880797
31.400391;0.890090
31.402344;0.899027
31.404297;0.907604
31.406250;0.915819
31.408203;0.923667
31.410156;0.931146
31.412109;0.938252
31.414062;0.944983
31.416016;0.951336
31.417969;0.957308
31.419922;0.962898
31.421875;0.968102
31.423828;0.972919
31.425781;0.977347
31.427734;0.981384
31.429688;0.985029
31.431641;0.988280
31.433594;0.991135
31.435547;0.993594
31.437500;0.995655
31.439453;0.997318
31.441406;0.998582
31.443359;0.999447
31.445312;0.999912
31.447266;0.999977
31.449219;0.999642
31.451172;0.998908
31.453125;0.997773
31.455078;0.996240
31.457031;0.994308
31.458984;0.991979
31.460938;0.989252
31.462891;0.986130
31.464844;0.982614
31.466797;0.978704
31.468750;0.974403
31.470703;0.969712
31.472656;0.964634
31.474609;0.959169
31.476562;0.953321
31.478516;0.947092
31.480469;0.940484
31.482422;0.933499
31.484375;0.926141
31.486328;0.918413
31.488281;0.910318
31.490234;0.901858
31.492188;0.893037
31.494141;0.883860
31.496094;0.874328
31.498047;0.864448
31.500000;0.854221
31.501953;0.843653
31.503906;0.832747
31.505859;0.821508
31.507812;0.809940
31.509766;0.798049
31.511719;0.785838
31.513672;0.773313
31.515625;0.760479
31.517578;0.747341
31.519531;0.733903
31.521484;0.720172
31.523438;0.706153
31.525391;0.691852
31.527344;0.677274
31.529297;0.662424
31.531250;0.647310
31.533203;0.631937
31.535156;0.616312
31.537109;0.600439
31.539062;0.584327
31.541016;0.567981
31.542969;0.551408
31.544922;0.534614
31.546875;0.517606
31.548828;0.500391
31.550781;0.482976
31.552734;0.465368
31.554688;0.447574
31.556641;0.429601
31.558594;0.411456
31.560547;0.393146
31.562500;0.374679
31.564453;0.356062
31.566406;0.337303
31.568359;0.318409
31.570312;0.299387
31.572266;0.280246
31.574219;0.260993
31.576172;0.241635
31.578125;0.222181
31.580078;0.202637
31.582031;0.183013
31.583984;0.163316
31.585938;0.143553
31.587891;0.123733
31.589844;0.103863
31.591797;0.083952
31.593750;0.064007
31.595703;0.044036
31.597656;0.024048
31.599609;0.004051
31.601562;-0.015949
31.603516;-0.035942
31.605469;-0.055920
31.607422;-0.075876
31.609375;-0.095802
31.611328;-0.115690
31.613281;-0.135531
31.615234;-0.155318
31.617188;-0.175043
31.619141;-0.194698
31.621094;-0.214275
31.623047;-0.233766
31.625000;-0.253164
31.626953;-0.272461
31.628906;-0.291648
31.630859;-0.310719
31.632812;-0.329666
31.634766;-0.348480
31.636719;-0.367156
31.638672;-0.385684
31.640625;-0.404059
31.642578;-0.422271
31.644531;-0.440315
31.646484;-0.458183
31.648438;-0.475867
31.650391;-0.493361
31.652344;-0.510658
31.654297;-0.527750
31.656250;-0.544631
31.658203;-0.561295
31.660156;-0.577734
31.662109;-0.593942
31.664062;-0.609912
31.666016;-0.625638
31.667969;-0.641114
31.669922;-0.656334
31.671875;-0.671291
31.673828;-0.685980
31.675781;-0.700394
31.677734;-0.714528
31.679688;-0.728376
31.681641;-0.741933
31.683594;-0.755194
31.685547;-0.768152
31.687500;-0.780803
31.689453;-0.793141
31.691406;-0.805162
31.693359;-0.816862
31.695312;-0.828234
31.697266;-0.839276
31.699219;-0.849981
31.701172;-0.860347
31.703125;-0.870368
31.705078;-0.880041
31.707031;-0.889363
31.708984;-0.898328
31.710938;-0.906935
31.712891;-0.915178
31.714844;-0.923055
31.716797;-0.930564
31.718750;-0.937700
31.720703;-0.944461
31.722656;-0.950844
31.724609;-0.956847
31.726562;-0.962467
31.728516;-0.967702
31.730469;-0.972550
31.732422;-0.977009
31.734375;-0.981077
31.736328;-0.984753
31.738281;-0.988035
31.740234;-0.990922
31.742188;-0.993412
31.744141;-0.995505
31.746094;-0.997200
31.748047;-0.998496
31.750000;-0.999393
31.751953;-0.999890
31.753906;-0.999987
31.755859;-0.999684
31.757812;-0.998981
31.759766;-0.997878
31.761719;-0.996377
31.763672;-0.994476
31.765625;-0.992179
31.767578;-0.989484
31.769531;-0.986393
31.771484;-0.982908
31.773438;-0.979030
31.775391;-0.974760
31.777344;-0.970100
31.779297;-0.965052
31.781250;-0.959619
31.783203;-0.953801
31.785156;-0.947602
31.787109;-0.941024
31.789062;-0.934069
31.791016;-0.926741
31.792969;-0.919042
31.794922;-0.910976
31.796875;-0.902545
31.798828;-0.893753
31.800781;-0.884604
31.802734;-0.875100
31.804688;-0.865247
31.806641;-0.855048
31.808594;-0.844507
31.810547;-0.833628
31.812500;-0.822415
31.814453;-0.810874
31.816406;-0.799008
31.818359;-0.786822
31.820312;-0.774322
31.822266;-0.761512
31.824219;-0.748398
31.826172;-0.734984
31.828125;-0.721276
31.830078;-0.707280
31.832031;-0.693001
31.833984;-0.678445
31.835938;-0.663617
31.837891;-0.648524
31.839844;-0.633171
31.841797;-0.617565
31.843750;-0.601712
31.845703;-0.585619
31.847656;-0.569291
31.849609;-0.552736
31.851562;-0.535959
31.853516;-0.518968
31.855469;-0.501770
31.857422;-0.484370
31.859375;-0.466777
31.861328;-0.448998
31.863281;-0.431038
31.865234;-0.412907
31.867188;-0.394610
31.869141;-0.376155
31.871094;-0.357550
31.873047;-0.338802
31.875000;-0.319918
31.876953;-0.300907
31.878906;-0.281775
31.880859;-0.262530
31.882812;-0.243180
31.884766;-0.223733
31.886719;-0.204197
31.888672;-0.184579
31.890625;-0.164887
31.892578;-0.145129
31.894531;-0.125313
31.896484;-0.105447
31.898438;-0.085539
31.900391;-0.065596
31.902344;-0.045627
31.904297;-0.025640
31.906250;-0.005643
31.908203;0.014356
31.910156;0.034350
31.912109;0.054330
31.914062;0.074288
31.916016;0.094217
31.917969;0.114108
31.919922;0.133953
31.921875;0.153745
31.923828;0.173475
31.925781;0.193135
31.927734;0.212719
31.929688;0.232217
31.931641;0.251623
31.933594;0.270928
31.935547;0.290124
31.937500;0.309205
31.939453;0.328162
31.941406;0.346987
31.943359;0.365674
31.945312;0.384214
31.947266;0.402601
31.949219;0.420827
31.951172;0.438884
31.953125;0.456766
31.955078;0.474465
31.957031;0.491975
31.958984;0.509288
31.960938;0.526396
31.962891;0.543295
31.964844;0.559976
31.966797;0.576433
31.968750;0.592659
31.970703;0.608649
31.972656;0.624395
31.974609;0.639891
31.976562;0.655132
31.978516;0.670110
31.980469;0.684820
31.982422;0.699256
31.984375;0.713413
31.986328;0.727284
31.988281;0.740865
31.990234;0.754149
31.992188;0.767131
31.994141;0.779807
31.996094;0.792170
31.998047;0.804217
32.000000;0.815942
32.001953;0.827341
32.003906;0.838409
32.005859;0.849141
32.007812;0.859534
32.009766;0.869583
32.011719;0.879284
32.013672;0.888633
32.015625;0.897627
32.017578;0.906262
32.019531;0.914535
32.021484;0.922442
32.023438;0.929979
32.025391;0.937145
32.027344;0.943936
32.029297;0.950349
32.031250;0.956383
32.033203;0.962033
32.035156;0.967299
32.037109;0.972178
32.039062;0.976668
32.041016;0.980768
32.042969;0.984475
32.044922;0.987788
32.046875;0.990707
32.048828;0.993229
32.050781;0.995353
32.052734;0.997080
32.054688;0.998408
32.056641;0.999336
32.058594;0.999865
32.060547;0.999994
32.062500;0.999722
32.064453;0.999051
32.066406;0.997981
32.068359;0.996511
32.070312;0.994642
32.072266;0.992376
32.074219;0.989713
32.076172;0.986654
32.078125;0.983200
32.080078;0.979353
32.082031;0.975114
32.083984;0.970486
32.085938;0.965469
32.087891;0.960065
32.089844;0.954278
32.091797;0.948109
32.093750;0.941561
32.095703;0.934637
32.097656;0.927338
32.099609;0.919669
32.101562;0.911631
32.103516;0.903229
32.105469;0.894466
32.107422;0.885345
32.109375;0.875870
32.111328;0.866045
32.113281;0.855873
32.115234;0.845359
32.117188;0.834506
32.119141;0.823320
32.121094;0.811805
32.123047;0.799964
32.125000;0.787804
32.126953;0.775329
32.128906;0.762544
32.130859;0.749453
32.132812;0.736063
32.134766;0.722379
32.136719;0.708405
32.138672;0.694148
32.140625;0.679614
32.142578;0.664807
32.144531;0.649735
32.146484;0.634403
32.148438;0.618817
32.150391;0.602984
32.152344;0.586909
32.154297;0.570600
32.156250;0.554062
32.158203;0.537303
32.160156;0.520329
32.162109;0.503147
32.164062;0.485763
32.166016;0.468185
32.167969;0.450420
32.169922;0.432475
32.171875;0.414357
32.173828;0.396073
32.175781;0.377631
32.177734;0.359037
32.179688;0.340300
32.181641;0.321427
32.183594;0.302425
32.185547;0.283303
32.187500;0.264067
32.189453;0.244725
32.191406;0.225285
32.193359;0.205756
32.195312;0.186144
32.197266;0.166458
32.199219;0.146705
32.201172;0.126893
32.203125;0.107031
32.205078;0.087125
32.207031;0.067185
32.208984;0.047218
32.210938;0.027233
32.212891;0.007236
32.214844;-0.012764
32.216797;-0.032758
32.218750;-0.052740
32.220703;-0.072700
32.222656;-0.092631
32.224609;-0.112525
32.226562;-0.132374
32.228516;-0.152171
32.230469;-0.171906
32.232422;-0.191572
32.234375;-0.211162
32.236328;-0.230668
32.238281;-0.250081
32.240234;-0.269394
32.242188;-0.288600
32.244141;-0.307690
32.246094;-0.326657
32.248047;-0.345493
32.250000;-0.364191
32.251953;-0.382743
32.253906;-0.401143
32.255859;-0.419382
32.257812;-0.437453
32.259766;-0.455349
32.261719;-0.473063
32.263672;-0.490588
32.265625;-0.507916
32.267578;-0.525042
32.269531;-0.541957
32.271484;-0.558656
32.273438;-0.575131
32.275391;-0.591376
32.277344;-0.607384
32.279297;-0.623150
32.281250;-0.638666
32.283203;-0.653927
32.285156;-0.668927
32.287109;-0.683659
32.289062;-0.698117
32.291016;-0.712296
32.292969;-0.726190
32.294922;-0.739794
32.296875;-0.753102
32.298828;-0.766108
32.300781;-0.778808
32.302734;-0.791197
32.304688;-0.803269
32.306641;-0.815020
32.308594;-0.826445
32.310547;-0.837539
32.312500;-0.848299
32.314453;-0.858719
32.316406;-0.868795
32.318359;-0.878524
32.320312;-0.887902
32.322266;-0.896924
32.324219;-0.905588
32.326172;-0.913890
32.328125;-0.921825
32.330078;-0.929393
32.332031;-0.936588
32.333984;-0.943409
32.335938;-0.949853
32.337891;-0.955916
32.339844;-0.961597
32.341797;-0.966894
32.343750;-0.971804
32.345703;-0.976325
32.347656;-0.980456
32.349609;-0.984194
32.351562;-0.987539
32.353516;-0.990489
32.355469;-0.993042
32.357422;-0.995199
32.359375;-0.996957
32.361328;-0.998317
32.363281;-0.999277
32.365234;-0.999837
32.367188;-0.999998
32.369141;-0.999759
32.371094;-0.999119
32.373047;-0.998081
32.375000;-0.996643
32.376953;-0.994806
32.378906;-0.992571
32.380859;-0.989940
32.382812;-0.986912
32.384766;-0.983490
32.386719;-0.979674
32.388672;-0.975466
32.390625;-0.970868
32.392578;-0.965882
32.394531;-0.960510
32.396484;-0.954753
32.398438;-0.948615
32.400391;-0.942097
32.402344;-0.935202
32.404297;-0.927933
32.406250;-0.920293
32.408203;-0.912285
32.410156;-0.903912
32.412109;-0.895177
32.414062;-0.886085
32.416016;-0.876638
32.417969;-0.866840
32.419922;-0.856695
32.421875;-0.846208
32.423828;-0.835383
32.425781;-0.824223
32.427734;-0.812734
32.429688;-0.800919
32.431641;-0.788784
32.433594;-0.776334
32.435547;-0.763573
32.437500;-0.750507
32.439453;-0.737140
32.441406;-0.723479
32.443359;-0.709528
32.445312;-0.695294
32.447266;-0.680781
32.449219;-0.665996
32.451172;-0.650945
32.453125;-0.635633
32.455078;-0.620067
32.457031;-0.604254
32.458984;-0.588198
32.460938;-0.571907
32.462891;-0.555387
32.464844;-0.538646
32.466797;-0.521688
32.468750;-0.504522
32.470703;-0.487155
32.472656;-0.469592
32.474609;-0.451842
32.476562;-0.433911
32.478516;-0.415806
32.480469;-0.397535
32.482422;-0.379105
32.484375;-0.360523
32.486328;-0.341797
32.488281;-0.322935
32.490234;-0.303943
32.492188;-0.284830
32.494141;-0.265602
32.496094;-0.246269
32.498047;-0.226837
32.500000;-0.207314
32.501953;-0.187709
32.503906;-0.168028
32.505859;-0.148280
32.507812;-0.128473
32.509766;-0.108614
32.511719;-0.088712
32.513672;-0.068774
32.515625;-0.048809
32.517578;-0.028825
32.519531;-0.008829
32.521484;0.011171
32.523438;0.031166
32.525391;0.051149
32.527344;0.071111
32.529297;0.091045
32.531250;0.110942
32.533203;0.130795
32.535156;0.150596
32.537109;0.170337
32.539062;0.190009
32.541016;0.209605
32.542969;0.229118
32.544922;0.248539
32.546875;0.267860
32.548828;0.287074
32.550781;0.306174
32.552734;0.325151
32.554688;0.343998
32.556641;0.362707
32.558594;0.381271
32.560547;0.399683
32.562500;0.417935
32.564453;0.436020
32.566406;0.453930
32.568359;0.471659
32.570312;0.489199
32.572266;0.506544
32.574219;0.523685
32.576172;0.540618
32.578125;0.557334
32.580078;0.573827
32.582031;0.590091
32.583984;0.606118
32.585938;0.621904
32.587891;0.637440
32.589844;0.652722
32.591797;0.667742
32.593750;0.682495
32.595703;0.696976
32.597656;0.711177
32.599609;0.725094
32.601562;0.738721
32.603516;0.752053
32.605469;0.765084
32.607422;0.777808
32.609375;0.790222
32.611328;0.802320
32.613281;0.814096
32.615234;0.825547
32.617188;0.836668
32.619141;0.847454
32.621094;0.857901
32.623047;0.868005
32.625000;0.877762
32.626953;0.887168
32.628906;0.896219
32.630859;0.904911
32.632812;0.913242
32.634766;0.921207
32.636719;0.928804
32.638672;0.936029
32.640625;0.942880
32.642578;0.949353
32.644531;0.955447
32.646484;0.961159
32.648438;0.966486
32.650391;0.971427
32.652344;0.975979
32.654297;0.980141
32.656250;0.983911
32.658203;0.987287
32.660156;0.990268
32.662109;0.992853
32.664062;0.995042
32.666016;0.996832
32.667969;0.998223
32.669922;0.999215
32.671875;0.999807
32.673828;1.000000
32.675781;0.999792
32.677734;0.999185
32.679688;0.998178
32.681641;0.996772
32.683594;0.994967
32.685547;0.992764
32.687500;0.990164
32.689453;0.987167
32.691406;0.983777
32.693359;0.979992
32.695312;0.975816
32.697266;0.971249
32.699219;0.966294
32.701172;0.960952
32.703125;0.955226
32.705078;0.949117
32.707031;0.942630
32.708984;0.935765
32.710938;0.928526
32.712891;0.920915
32.714844;0.912936
32.716797;0.904592
32.718750;0.895886
32.720703;0.886822
32.722656;0.877403
32.724609;0.867633
32.726562;0.857516
32.728516;0.847056
32.730469;0.836257
32.732422;0.825124
32.734375;0.813661
32.736328;0.801872
32.738281;0.789762
32.740234;0.777337
32.742188;0.764601
32.744141;0.751558
32.746094;0.738216
32.748047;0.724578
32.750000;0.710650
32.751953;0.696438
32.753906;0.681947
32.755859;0.667184
32.757812;0.652153
32.759766;0.636862
32.761719;0.621316
32.763672;0.605522
32.765625;0.589485
32.767578;0.573213
32.769531;0.556711
32.771484;0.539987
32.773438;0.523046
32.775391;0.505897
32.777344;0.488545
32.779297;0.470998
32.781250;0.453262
32.783203;0.435345
32.785156;0.417254
32.787109;0.398996
32.789062;0.380578
32.791016;0.362008
32.792969;0.343294
32.794922;0.324442
32.796875;0.305460
32.798828;0.286356
32.800781;0.267138
32.802734;0.247812
32.804688;0.228388
32.806641;0.208872
32.808594;0.189273
32.810547;0.169598
32.812500;0.149855
32.814453;0.130052
32.816406;0.110197
32.818359;0.090298
32.820312;0.070363
32.822266;0.050400
32.824219;0.030417
32.826172;0.010421
32.828125;-0.009578
32.830078;-0.029574
32.832031;-0.049558
32.833984;-0.069522
32.835938;-0.089459
32.837891;-0.109359
32.839844;-0.129216
32.841797;-0.149021
32.843750;-0.168767
32.845703;-0.188445
32.847656;-0.208048
32.849609;-0.227567
32.851562;-0.246996
32.853516;-0.266325
32.855469;-0.285548
32.857422;-0.304657
32.859375;-0.323644
32.861328;-0.342502
32.863281;-0.361222
32.865234;-0.379799
32.867188;-0.398223
32.869141;-0.416488
32.871094;-0.434586
32.873047;-0.452510
32.875000;-0.470254
32.876953;-0.487809
32.878906;-0.505170
32.880859;-0.522328
32.882812;-0.539277
32.884766;-0.556011
32.886719;-0.572522
32.888672;-0.588804
32.890625;-0.604851
32.892578;-0.620656
32.894531;-0.636212
32.896484;-0.651514
32.898438;-0.666556
32.900391;-0.681330
32.902344;-0.695833
32.904297;-0.710057
32.906250;-0.723997
32.908203;-0.737647
32.910156;-0.751002
32.912109;-0.764057
32.914062;-0.776806
32.916016;-0.789245
32.917969;-0.801368
32.919922;-0.813170
32.921875;-0.824647
32.923828;-0.835795
32.925781;-0.846608
32.927734;-0.857082
32.929688;-0.867213
32.931641;-0.876998
32.933594;-0.886432
32.935547;-0.895511
32.937500;-0.904232
32.939453;-0.912592
32.941406;-0.920586
32.943359;-0.928212
32.945312;-0.935467
32.947266;-0.942348
32.949219;-0.948852
32.951172;-0.954976
32.953125;-0.960718
32.955078;-0.966076
32.957031;-0.971048
32.958984;-0.975631
32.960938;-0.979824
32.962891;-0.983625
32.964844;-0.987033
32.966797;-0.990045
32.968750;-0.992662
32.970703;-0.994882
32.972656;-0.996704
32.974609;-0.998127
32.976562;-0.999151
32.978516;-0.999775
32.980469;-0.999999
32.982422;-0.999824
32.984375;-0.999248
32.986328;-0.998273
32.988281;-0.996898
32.990234;-0.995125
32.992188;-0.992954
32.994141;-0.990385
32.996094;-0.987421
32.998047;-0.984061
33.000000;-0.980308
33.001953;-0.976162
33.003906;-0.971627
33.005859;-0.966702
33.007812;-0.961391
33.009766;-0.955696
33.011719;-0.949618
33.013672;-0.943160
33.015625;-0.936325
33.017578;-0.929116
33.019531;-0.921535
33.021484;-0.913585
33.023438;-0.905270
33.025391;-0.896592
33.027344;-0.887557
33.029297;-0.878166
33.031250;-0.868424
33.033203;-0.858334
33.035156;-0.847901
33.037109;-0.837129
33.039062;-0.826023
33.041016;-0.814585
33.042969;-0.802822
33.044922;-0.790738
33.046875;-0.778338
33.048828;-0.765626
33.050781;-0.752608
33.052734;-0.739289
33.054688;-0.725674
33.056641;-0.711769
33.058594;-0.697580
33.060547;-0.683111
33.062500;-0.668369
33.064453;-0.653360
33.066406;-0.638089
33.068359;-0.622563
33.070312;-0.606789
33.072266;-0.590771
33.074219;-0.574517
33.076172;-0.558034
33.078125;-0.541327
33.080078;-0.524403
33.082031;-0.507270
33.083984;-0.489934
33.085938;-0.472402
33.087891;-0.454681
33.089844;-0.436778
33.091797;-0.418701
33.093750;-0.400456
33.095703;-0.382051
33.097656;-0.363493
33.099609;-0.344789
33.101562;-0.325948
33.103516;-0.306976
33.105469;-0.287882
33.107422;-0.268672
33.109375;-0.249355
33.111328;-0.229938
33.113281;-0.210429
33.115234;-0.190836
33.117188;-0.171167
33.119141;-0.151429
33.121094;-0.131631
33.123047;-0.111780
33.125000;-0.091884
33.126953;-0.071952
33.128906;-0.051991
33.130859;-0.032009
33.132812;-0.012014
33.134766;0.007986
33.136719;0.027982
33.138672;0.047967
33.140625;0.067933
33.142578;0.087872
33.144531;0.107776
33.146484;0.127637
33.148438;0.147446
33.150391;0.167197
33.152344;0.186881
33.154297;0.206490
33.156250;0.226016
33.158203;0.245452
33.160156;0.264790
33.162109;0.284022
33.164062;0.303140
33.166016;0.322137
33.167969;0.341005
33.169922;0.359737
33.171875;0.378325
33.173828;0.396761
33.175781;0.415039
33.177734;0.433151
33.179688;0.451090
33.181641;0.468848
33.183594;0.486418
33.185547;0.503794
33.187500;0.520969
33.189453;0.537935
33.191406;0.554686
33.193359;0.571215
33.195312;0.587516
33.197266;0.603582
33.199219;0.619406
33.201172;0.634982
33.203125;0.650305
33.205078;0.665367
33.207031;0.680164
33.208984;0.694688
33.210938;0.708934
33.212891;0.722897
33.214844;0.736571
33.216797;0.749950
33.218750;0.763029
33.220703;0.775802
33.222656;0.788266
33.224609;0.800414
33.226562;0.812242
33.228516;0.823745
33.230469;0.834919
33.232422;0.845759
33.234375;0.856260
33.236328;0.866419
33.238281;0.876232
33.240234;0.885694
33.242188;0.894801
33.244141;0.903551
33.246094;0.911939
33.248047;0.919963
33.250000;0.927619
33.251953;0.934903
33.253906;0.941814
33.255859;0.948348
33.257812;0.954502
33.259766;0.960275
33.261719;0.965664
33.263672;0.970666
33.265625;0.975280
33.267578;0.979504
33.269531;0.983337
33.271484;0.986776
33.273438;0.989820
33.275391;0.992468
33.277344;0.994720
33.279297;0.996573
33.281250;0.998028
33.283203;0.999084
33.285156;0.999740
33.287109;0.999996
33.289062;0.999852
33.291016;0.999309
33.292969;0.998365
33.294922;0.997022
33.296875;0.995281
33.298828;0.993141
33.300781;0.990604
33.302734;0.987671
33.304688;0.984343
33.306641;0.980621
33.308594;0.976507
33.310547;0.972002
33.312500;0.967109
33.314453;0.961828
33.316406;0.956163
33.318359;0.950116
33.320312;0.943688
33.322266;0.936883
33.324219;0.929703
33.326172;0.922152
33.328125;0.914231
33.330078;0.905945
33.332031;0.897297
33.333984;0.888289
33.335938;0.878927
33.337891;0.869212
33.339844;0.859150
33.341797;0.848745
33.343750;0.838000
33.345703;0.826919
33.347656;0.815508
33.349609;0.803771
33.351562;0.791712
33.353516;0.779337
33.355469;0.766650
33.357422;0.753656
33.359375;0.740361
33.361328;0.726769
33.363281;0.712887
33.365234;0.698720
33.367188;0.684273
33.369141;0.669553
33.371094;0.654565
33.373047;0.639315
33.375000;0.623809
33.376953;0.608054
33.378906;0.592055
33.380859;0.575820
33.382812;0.559354
33.384766;0.542665
33.386719;0.525759
33.388672;0.508642
33.390625;0.491322
33.392578;0.473805
33.394531;0.456099
33.396484;0.438211
33.398438;0.420147
33.400391;0.401915
33.402344;0.383522
33.404297;0.364976
33.406250;0.346284
33.408203;0.327453
33.410156;0.308492
33.412109;0.289407
33.414062;0.270206
33.416016;0.250897
33.417969;0.231488
33.419922;0.211986
33.421875;0.192400
33.423828;0.172736
33.425781;0.153004
33.427734;0.133210
33.429688;0.113363
33.431641;0.093470
33.433594;0.073540
33.435547;0.053581
33.437500;0.033601
33.439453;0.013606
33.441406;-0.006393
33.443359;-0.026390
33.445312;-0.046376
33.447266;-0.066344
33.449219;-0.086286
33.451172;-0.106192
33.453125;-0.126057
33.455078;-0.145871
33.457031;-0.165626
33.458984;-0.185316
33.460938;-0.204931
33.462891;-0.224464
33.464844;-0.243908
33.466797;-0.263253
33.468750;-0.282494
33.470703;-0.301622
33.472656;-0.320629
33.474609;-0.339507
33.476562;-0.358250
33.478516;-0.376850
33.480469;-0.395299
33.482422;-0.413590
33.484375;-0.431715
33.486328;-0.449668
33.488281;-0.467440
33.490234;-0.485026
33.492188;-0.502418
33.494141;-0.519609
33.496094;-0.536592
33.498047;-0.553360
33.500000;-0.569907
33.501953;-0.586226
33.503906;-0.602311
33.505859;-0.618155
33.507812;-0.633751
33.509766;-0.649094
33.511719;-0.664178
33.513672;-0.678995
33.515625;-0.693541
33.517578;-0.707810
33.519531;-0.721795
33.521484;-0.735492
33.523438;-0.748895
33.525391;-0.761998
33.527344;-0.774796
33.529297;-0.787285
33.531250;-0.799458
33.533203;-0.811312
33.535156;-0.822841
33.537109;-0.834041
33.539062;-0.844908
33.541016;-0.855437
33.542969;-0.865623
33.544922;-0.875463
33.546875;-0.884953
33.548828;-0.894089
33.550781;-0.902867
33.552734;-0.911285
33.554688;-0.919337
33.556641;-0.927022
33.558594;-0.934337
33.560547;-0.941277
33.562500;-0.947841
33.564453;-0.954026
33.566406;-0.959829
33.568359;-0.965249
33.570312;-0.970282
33.572266;-0.974927
33.574219;-0.979182
33.576172;-0.983046
33.578125;-0.986516
33.580078;-0.989592
33.582031;-0.992272
33.583984;-0.994555
33.585938;-0.996440
33.587891;-0.997927
33.589844;-0.999014
33.591797;-0.999702
33.593750;-0.999990
33.595703;-0.999878
33.597656;-0.999367
33.599609;-0.998455
33.601562;-0.997144
33.603516;-0.995434
33.605469;-0.993326
33.607422;-0.990821
33.609375;-0.987919
33.611328;-0.984622
33.613281;-0.980932
33.615234;-0.976849
33.617188;-0.972375
33.619141;-0.967513
33.621094;-0.962263
33.623047;-0.956629
33.625000;-0.950611
33.626953;-0.944214
33.628906;-0.937439
33.630859;-0.930289
33.632812;-0.922767
33.634766;-0.914876
33.636719;-0.906618
33.638672;-0.897999
33.640625;-0.889020
33.642578;-0.879685
33.644531;-0.869999
33.646484;-0.859964
33.648438;-0.849586
33.650391;-0.838868
33.652344;-0.827814
33.654297;-0.816429
33.656250;-0.804718
33.658203;-0.792684
33.660156;-0.780334
33.662109;-0.767671
33.664062;-0.754702
33.666016;-0.741430
33.667969;-0.727862
33.669922;-0.714003
33.671875;-0.699859
33.673828;-0.685434
33.675781;-0.670735
33.677734;-0.655768
33.679688;-0.640539
33.681641;-0.625053
33.683594;-0.609318
33.685547;-0.593338
33.687500;-0.577122
33.689453;-0.560674
33.691406;-0.544002
33.693359;-0.527113
33.695312;-0.510013
33.697266;-0.492709
33.699219;-0.475207
33.701172;-0.457516
33.703125;-0.439642
33.705078;-0.421591
33.707031;-0.403373
33.708984;-0.384992
33.710938;-0.366458
33.712891;-0.347778
33.714844;-0.328958
33.716797;-0.310006
33.718750;-0.290931
33.720703;-0.271739
33.722656;-0.252439
33.724609;-0.233037
33.726562;-0.213542
33.728516;-0.193962
33.730469;-0.174305
33.732422;-0.154577
33.734375;-0.134788
33.736328;-0.114945
33.738281;-0.095056
33.740234;-0.075129
33.742188;-0.055172
33.744141;-0.035192
33.746094;-0.015199
33.748047;0.004800
33.750000;0.024798
33.751953;0.044785
33.753906;0.064755
33.755859;0.084699
33.757812;0.104609
33.759766;0.124477
33.761719;0.144295
33.763672;0.164055
33.765625;0.183750
33.767578;0.203372
33.769531;0.222912
33.771484;0.242363
33.773438;0.261717
33.775391;0.280966
33.777344;0.300103
33.779297;0.319120
33.781250;0.338009
33.783203;0.356763
33.785156;0.375374
33.787109;0.393835
33.789062;0.412139
33.791016;0.430278
33.792969;0.448244
33.794922;0.466032
33.796875;0.483633
33.798828;0.501040
33.800781;0.518247
33.802734;0.535247
33.804688;0.552033
33.806641;0.568598
33.808594;0.584935
33.810547;0.601039
33.812500;0.616902
33.814453;0.632518
33.816406;0.647882
33.818359;0.662986
33.820312;0.677825
33.822266;0.692393
33.824219;0.706684
33.826172;0.720692
33.828125;0.734412
33.830078;0.747839
33.832031;0.760966
33.833984;0.773789
33.835938;0.786302
33.837891;0.798501
33.839844;0.810380
33.841797;0.821935
33.843750;0.833162
33.845703;0.844055
33.847656;0.854611
33.849609;0.864824
33.851562;0.874692
33.853516;0.884210
33.855469;0.893375
33.857422;0.902182
33.859375;0.910628
33.861328;0.918710
33.863281;0.926424
33.865234;0.933768
33.867188;0.940738
33.869141;0.947332
33.871094;0.953547
33.873047;0.959381
33.875000;0.964831
33.876953;0.969895
33.878906;0.974571
33.880859;0.978858
33.882812;0.982753
33.884766;0.986254
33.886719;0.989362
33.888672;0.992073
33.890625;0.994388
33.892578;0.996305
33.894531;0.997823
33.896484;0.998942
33.898438;0.999662
33.900391;0.999982
33.902344;0.999902
33.904297;0.999422
33.906250;0.998542
33.908203;0.997263
33.910156;0.995585
33.912109;0.993509
33.914062;0.991035
33.916016;0.988165
33.917969;0.984899
33.919922;0.981240
33.921875;0.977188
33.923828;0.972746
33.925781;0.967914
33.927734;0.962695
33.929688;0.957091
33.931641;0.951104
33.933594;0.944737
33.935547;0.937992
33.937500;0.930872
33.939453;0.923379
33.941406;0.915517
33.943359;0.907289
33.945312;0.898698
33.947266;0.889748
33.949219;0.880441
33.951172;0.870783
33.953125;0.860776
33.955078;0.850425
33.957031;0.839734
33.958984;0.828706
33.960938;0.817348
33.962891;0.805662
33.964844;0.793654
33.966797;0.781329
33.968750;0.768691
33.970703;0.755746
33.972656;0.742498
33.974609;0.728954
33.976562;0.715118
33.978516;0.700995
33.980469;0.686593
33.982422;0.671916
33.984375;0.656970
33.986328;0.641761
33.988281;0.626296
33.990234;0.610580
33.992188;0.594620
33.994141;0.578422
33.996094;0.561992
33.998047;0.545338
34.000000;0.528466
34.001953;0.511382
34.003906;0.494094
34.005859;0.476608
34.007812;0.458932
34.009766;0.441072
34.011719;0.423035
34.013672;0.404829
34.015625;0.386462
34.017578;0.367940
34.019531;0.349270
34.021484;0.330461
34.023438;0.311520
34.025391;0.292454
34.027344;0.273272
34.029297;0.253979
34.031250;0.234586
34.033203;0.215098
34.035156;0.195525
34.037109;0.175873
34.039062;0.156151
34.041016;0.136366
34.042969;0.116527
34.044922;0.096641
34.046875;0.076717
34.048828;0.056762
34.050781;0.036784
34.052734;0.016792
34.054688;-0.003208
34.056641;-0.023206
34.058594;-0.043194
34.060547;-0.063166
34.062500;-0.083112
34.064453;-0.103025
34.066406;-0.122896
34.068359;-0.142719
34.070312;-0.162484
34.072266;-0.182184
34.074219;-0.201812
34.076172;-0.221359
34.078125;-0.240817
34.080078;-0.260179
34.082031;-0.279437
34.083984;-0.298583
34.085938;-0.317610
34.087891;-0.336509
34.089844;-0.355274
34.091797;-0.373897
34.093750;-0.392371
34.095703;-0.410687
34.097656;-0.428839
34.099609;-0.446820
34.101562;-0.464622
34.103516;-0.482238
34.105469;-0.499661
34.107422;-0.516885
34.109375;-0.533901
34.111328;-0.550704
34.113281;-0.567287
34.115234;-0.583643
34.117188;-0.599765
34.119141;-0.615648
34.121094;-0.631284
34.123047;-0.646668
34.125000;-0.661793
34.126953;-0.676653
34.128906;-0.691243
34.130859;-0.705556
34.132812;-0.719587
34.134766;-0.733330
34.136719;-0.746780
34.138672;-0.759931
34.140625;-0.772779
34.142578;-0.785317
34.144531;-0.797541
34.146484;-0.809446
34.148438;-0.821027
34.150391;-0.832280
34.152344;-0.843200
34.154297;-0.853782
34.156250;-0.864024
34.158203;-0.873919
34.160156;-0.883465
34.162109;-0.892658
34.164062;-0.901493
34.166016;-0.909968
34.167969;-0.918079
34.169922;-0.925823
34.171875;-0.933197
34.173828;-0.940197
34.175781;-0.946821
34.177734;-0.953066
34.179688;-0.958931
34.181641;-0.964411
34.183594;-0.969506
34.185547;-0.974213
34.187500;-0.978531
34.189453;-0.982457
34.191406;-0.985990
34.193359;-0.989129
34.195312;-0.991872
34.197266;-0.994218
34.199219;-0.996167
34.201172;-0.997717
34.203125;-0.998868
34.205078;-0.999619
34.207031;-0.999971
34.208984;-0.999923
34.210938;-0.999475
34.212891;-0.998627
34.214844;-0.997379
34.216797;-0.995733
34.218750;-0.993689
34.220703;-0.991246
34.222656;-0.988408
34.224609;-0.985174
34.226562;-0.981546
34.228516;-0.977525
34.230469;-0.973114
34.232422;-0.968313
34.234375;-0.963125
34.236328;-0.957552
34.238281;-0.951595
34.240234;-0.945258
34.242188;-0.938543
34.244141;-0.931453
34.246094;-0.923990
34.248047;-0.916157
34.250000;-0.907958
34.251953;-0.899396
34.253906;-0.890474
34.255859;-0.881195
34.257812;-0.871565
34.259766;-0.861586
34.261719;-0.851262
34.263672;-0.840597
34.265625;-0.829597
34.267578;-0.818264
34.269531;-0.806605
34.271484;-0.794622
34.273438;-0.782322
34.275391;-0.769709
34.277344;-0.756788
34.279297;-0.743564
34.281250;-0.730043
34.283203;-0.716230
34.285156;-0.702130
34.287109;-0.687750
34.289062;-0.673094
34.291016;-0.658170
34.292969;-0.642982
34.294922;-0.627536
34.296875;-0.611840
34.298828;-0.595899
34.300781;-0.579720
34.302734;-0.563309
34.304688;-0.546672
34.306641;-0.529817
34.308594;-0.512750
34.310547;-0.495478
34.312500;-0.478008
34.314453;-0.460346
34.316406;-0.442500
34.318359;-0.424478
34.320312;-0.406285
34.322266;-0.387930
34.324219;-0.369420
34.326172;-0.350762
34.328125;-0.331964
34.330078;-0.313033
34.332031;-0.293977
34.333984;-0.274803
34.335938;-0.255520
34.337891;-0.236134
34.339844;-0.216653
34.341797;-0.197086
34.343750;-0.177440
34.345703;-0.157724
34.347656;-0.137944
34.349609;-0.118109
34.351562;-0.098226
34.353516;-0.078305
34.355469;-0.058352
34.357422;-0.038376
34.359375;-0.018384
34.361328;0.001615
34.363281;0.021613
34.365234;0.041603
34.367188;0.061576
34.369141;0.081524
34.371094;0.101440
34.373047;0.121315
34.375000;0.141142
34.376953;0.160912
34.378906;0.180618
34.380859;0.200252
34.382812;0.219805
34.384766;0.239271
34.386719;0.258641
34.388672;0.277907
34.390625;0.297063
34.392578;0.316099
34.394531;0.335009
34.396484;0.353785
34.398438;0.372420
34.400391;0.390905
34.402344;0.409234
34.404297;0.427400
34.406250;0.445395
34.408203;0.463211
34.410156;0.480842
34.412109;0.498281
34.414062;0.515520
34.416016;0.532554
34.417969;0.549374
34.419922;0.565975
34.421875;0.582349
34.423828;0.598490
34.425781;0.614392
34.427734;0.630048
34.429688;0.645452
34.431641;0.660598
34.433594;0.675480
34.435547;0.690091
34.437500;0.704427
34.439453;0.718480
34.441406;0.732247
34.443359;0.745720
34.445312;0.758895
34.447266;0.771767
34.449219;0.784330
34.451172;0.796579
34.453125;0.808510
34.455078;0.820117
34.457031;0.831396
34.458984;0.842342
34.460938;0.852952
34.462891;0.863221
34.464844;0.873144
34.466797;0.882718
34.468750;0.891939
34.470703;0.900803
34.472656;0.909307
34.474609;0.917447
34.476562;0.925220
34.478516;0.932623
34.480469;0.939653
34.482422;0.946307
34.484375;0.952583
34.486328;0.958478
34.488281;0.963989
34.490234;0.969115
34.492188;0.973853
34.494141;0.978201
34.496094;0.982158
34.498047;0.985723
34.500000;0.988893
34.501953;0.991668
34.503906;0.994046
34.505859;0.996026
34.507812;0.997608
34.509766;0.998791
34.511719;0.999574
34.513672;0.999958
34.515625;0.999941
34.517578;0.999525
34.519531;0.998709
34.521484;0.997493
34.523438;0.995879
34.525391;0.993866
34.527344;0.991455
34.529297;0.988648
34.531250;0.985446
34.533203;0.981849
34.535156;0.977860
34.537109;0.973479
34.539062;0.968710
34.541016;0.963552
34.542969;0.958009
34.544922;0.952084
34.546875;0.945777
34.548828;0.939092
34.550781;0.932031
34.552734;0.924598
34.554688;0.916794
34.556641;0.908624
34.558594;0.900091
34.560547;0.891197
34.562500;0.881947
34.564453;0.872345
34.566406;0.862393
34.568359;0.852096
34.570312;0.841459
34.572266;0.830485
34.574219;0.819179
34.576172;0.807545
34.578125;0.795588
34.580078;0.783313
34.582031;0.770725
34.583984;0.757828
34.585938;0.744628
34.587891;0.731131
34.589844;0.717341
34.591797;0.703264
34.593750;0.688905
34.595703;0.674272
34.597656;0.659368
34.599609;0.644201
34.601562;0.628776
34.603516;0.613099
34.605469;0.597178
34.607422;0.581017
34.609375;0.564624
34.611328;0.548005
34.613281;0.531167
34.615234;0.514117
34.617188;0.496861
34.619141;0.479406
34.621094;0.461759
34.623047;0.443928
34.625000;0.425919
34.626953;0.407740
34.628906;0.389398
34.630859;0.370900
34.632812;0.352253
34.634766;0.333466
34.636719;0.314545
34.638672;0.295499
34.640625;0.276334
34.642578;0.257059
34.644531;0.237681
34.646484;0.218208
34.648438;0.198648
34.650391;0.179008
34.652344;0.159296
34.654297;0.139521
34.656250;0.119690
34.658203;0.099811
34.660156;0.079893
34.662109;0.059942
34.664062;0.039967
34.666016;0.019976
34.667969;-0.000022
34.669922;-0.020021
34.671875;-0.040012
34.673828;-0.059986
34.675781;-0.079937
34.677734;-0.099856
34.679688;-0.119734
34.681641;-0.139565
34.683594;-0.159340
34.685547;-0.179051
34.687500;-0.198691
34.689453;-0.218251
34.691406;-0.237724
34.693359;-0.257102
34.695312;-0.276377
34.697266;-0.295541
34.699219;-0.314588
34.701172;-0.333508
34.703125;-0.352295
34.705078;-0.370941
34.707031;-0.389439
34.708984;-0.407781
34.710938;-0.425960
34.712891;-0.443968
34.714844;-0.461799
34.716797;-0.479445
34.718750;-0.496899
34.720703;-0.514155
34.722656;-0.531205
34.724609;-0.548042
34.726562;-0.564661
34.728516;-0.581053
34.730469;-0.597213
34.732422;-0.613134
34.734375;-0.628810
34.736328;-0.644235
34.738281;-0.659401
34.740234;-0.674304
34.742188;-0.688938
34.744141;-0.703295
34.746094;-0.717372
34.748047;-0.731161
34.750000;-0.744658
34.751953;-0.757857
34.753906;-0.770753
34.755859;-0.783341
34.757812;-0.795615
34.759766;-0.807571
34.761719;-0.819204
34.763672;-0.830510
34.765625;-0.841483
34.767578;-0.852120
34.769531;-0.862415
34.771484;-0.872366
34.773438;-0.881968
34.775391;-0.891217
34.777344;-0.900110
34.779297;-0.908643
34.781250;-0.916812
34.783203;-0.924614
34.785156;-0.932047
34.787109;-0.939107
34.789062;-0.945791
34.791016;-0.952097
34.792969;-0.958022
34.794922;-0.963564
34.796875;-0.968721
34.798828;-0.973490
34.800781;-0.977869
34.802734;-0.981858
34.804688;-0.985453
34.806641;-0.988655
34.808594;-0.991461
34.810547;-0.993871
34.812500;-0.995883
34.814453;-0.997497
34.816406;-0.998711
34.818359;-0.999527
34.820312;-0.999942
34.822266;-0.999957
34.824219;-0.999573
34.826172;-0.998789
34.828125;-0.997605
34.830078;-0.996022
34.832031;-0.994041
34.833984;-0.991662
34.835938;-0.988886
34.837891;-0.985715
34.839844;-0.982150
34.841797;-0.978192
34.843750;-0.973843
34.845703;-0.969104
34.847656;-0.963977
34.849609;-0.958465
34.851562;-0.952569
34.853516;-0.946293
34.855469;-0.939638
34.857422;-0.932607
34.859375;-0.925203
34.861328;-0.917429
34.863281;-0.909288
34.865234;-0.900784
34.867188;-0.891919
34.869141;-0.882697
34.871094;-0.873122
34.873047;-0.863198
34.875000;-0.852929
34.876953;-0.842318
34.878906;-0.831371
34.880859;-0.820091
34.882812;-0.808483
34.884766;-0.796552
34.886719;-0.784302
34.888672;-0.771739
34.890625;-0.758866
34.892578;-0.745690
34.894531;-0.732216
34.896484;-0.718449
34.898438;-0.704395
34.900391;-0.690059
34.902344;-0.675447
34.904297;-0.660565
34.906250;-0.645418
34.908203;-0.630013
34.910156;-0.614357
34.912109;-0.598454
34.914062;-0.582313
34.916016;-0.565938
34.917969;-0.549337
34.919922;-0.532516
34.921875;-0.515482
34.923828;-0.498242
34.925781;-0.480803
34.927734;-0.463172
34.929688;-0.445355
34.931641;-0.427360
34.933594;-0.409194
34.935547;-0.390864
34.937500;-0.372378
34.939453;-0.353744
34.941406;-0.334967
34.943359;-0.316057
34.945312;-0.297020
34.947266;-0.277865
34.949219;-0.258598
34.951172;-0.239228
34.953125;-0.219762
34.955078;-0.200208
34.957031;-0.180574
34.958984;-0.160868
34.960938;-0.141098
34.962891;-0.121271
34.964844;-0.101396
34.966797;-0.081480
34.968750;-0.061532
34.970703;-0.041559
34.972656;-0.021569
34.974609;-0.001571
34.976562;0.018428
34.978516;0.038420
34.980469;0.058396
34.982422;0.078349
34.984375;0.098271
34.986328;0.118153
34.988281;0.137988
34.990234;0.157768
34.992188;0.177484
34.994141;0.197130
34.996094;0.216697
34.998047;0.236177
35.000000;0.255563
35.001953;0.274846
35.003906;0.294019
35.005859;0.313075
35.007812;0.332006
35.009766;0.350804
35.011719;0.369462
35.013672;0.387971
35.015625;0.406326
35.017578;0.424518
35.019531;0.442540
35.021484;0.460386
35.023438;0.478047
35.025391;0.495517
35.027344;0.512788
35.029297;0.529855
35.031250;0.546710
35.033203;0.563346
35.035156;0.579756
35.037109;0.595935
35.039062;0.611875
35.041016;0.627571
35.042969;0.643016
35.044922;0.658203
35.046875;0.673127
35.048828;0.687782
35.050781;0.702162
35.052734;0.716261
35.054688;0.730073
35.056641;0.743594
35.058594;0.756817
35.060547;0.769737
35.062500;0.782350
35.064453;0.794649
35.066406;0.806631
35.068359;0.818290
35.070312;0.829621
35.072266;0.840621
35.074219;0.851285
35.076172;0.861608
35.078125;0.871587
35.080078;0.881216
35.082031;0.890494
35.083984;0.899415
35.085938;0.907977
35.087891;0.916175
35.089844;0.924007
35.091797;0.931469
35.093750;0.938558
35.095703;0.945273
35.097656;0.951609
35.099609;0.957564
35.101562;0.963137
35.103516;0.968324
35.105469;0.973124
35.107422;0.977535
35.109375;0.981555
35.111328;0.985182
35.113281;0.988415
35.115234;0.991252
35.117188;0.993693
35.119141;0.995737
35.121094;0.997383
35.123047;0.998629
35.125000;0.999476
35.126953;0.999924
35.128906;0.999971
35.130859;0.999618
35.132812;0.998866
35.134766;0.997714
35.136719;0.996163
35.138672;0.994213
35.140625;0.991866
35.142578;0.989122
35.144531;0.985982
35.146484;0.982449
35.148438;0.978522
35.150391;0.974203
35.152344;0.969495
35.154297;0.964400
35.156250;0.958918
35.158203;0.953053
35.160156;0.946807
35.162109;0.940182
35.164062;0.933181
35.166016;0.925806
35.167969;0.918062
35.169922;0.909950
35.171875;0.901474
35.173828;0.892638
35.175781;0.883444
35.177734;0.873897
35.179688;0.864001
35.181641;0.853759
35.183594;0.843176
35.185547;0.832255
35.187500;0.821002
35.189453;0.809420
35.191406;0.797514
35.193359;0.785289
35.195312;0.772750
35.197266;0.759903
35.199219;0.746751
35.201172;0.733300
35.203125;0.719556
35.205078;0.705525
35.207031;0.691211
35.208984;0.676620
35.210938;0.661759
35.212891;0.646634
35.214844;0.631249
35.216797;0.615613
35.218750;0.599730
35.220703;0.583607
35.222656;0.567250
35.224609;0.550667
35.226562;0.533864
35.228516;0.516847
35.230469;0.499623
35.232422;0.482199
35.234375;0.464583
35.236328;0.446780
35.238281;0.428799
35.240234;0.410647
35.242188;0.392330
35.244141;0.373856
35.246094;0.355233
35.248047;0.336468
35.250000;0.317568
35.251953;0.298541
35.253906;0.279394
35.255859;0.260136
35.257812;0.240774
35.259766;0.221316
35.261719;0.201769
35.263672;0.182141
35.265625;0.162440
35.267578;0.142675
35.269531;0.122852
35.271484;0.102980
35.273438;0.083067
35.275391;0.063121
35.277344;0.043150
35.279297;0.023161
35.281250;0.003163
35.283203;-0.016836
35.285156;-0.036828
35.287109;-0.056806
35.289062;-0.076761
35.291016;-0.096685
35.292969;-0.116571
35.294922;-0.136410
35.296875;-0.156195
35.298828;-0.175917
35.300781;-0.195568
35.302734;-0.215142
35.304688;-0.234629
35.306641;-0.254022
35.308594;-0.273314
35.310547;-0.292497
35.312500;-0.311562
35.314453;-0.330503
35.316406;-0.349312
35.318359;-0.367981
35.320312;-0.386503
35.322266;-0.404870
35.324219;-0.423075
35.326172;-0.441111
35.328125;-0.458971
35.330078;-0.476647
35.332031;-0.494133
35.333984;-0.511420
35.335938;-0.528503
35.337891;-0.545375
35.339844;-0.562029
35.341797;-0.578458
35.343750;-0.594655
35.345703;-0.610615
35.347656;-0.626330
35.349609;-0.641795
35.351562;-0.657003
35.353516;-0.671949
35.355469;-0.686625
35.357422;-0.701027
35.359375;-0.715149
35.361328;-0.728984
35.363281;-0.742528
35.365234;-0.755775
35.367188;-0.768720
35.369141;-0.781357
35.371094;-0.793681
35.373047;-0.805688
35.375000;-0.817373
35.376953;-0.828731
35.378906;-0.839758
35.380859;-0.850448
35.382812;-0.860799
35.384766;-0.870805
35.386719;-0.880462
35.388672;-0.889768
35.390625;-0.898718
35.392578;-0.907308
35.394531;-0.915535
35.396484;-0.923396
35.398438;-0.930888
35.400391;-0.938008
35.402344;-0.944752
35.404297;-0.951118
35.406250;-0.957104
35.408203;-0.962707
35.410156;-0.967925
35.412109;-0.972756
35.414062;-0.977198
35.416016;-0.981249
35.417969;-0.984907
35.419922;-0.988172
35.421875;-0.991041
35.423828;-0.993514
35.425781;-0.995589
35.427734;-0.997266
35.429688;-0.998545
35.431641;-0.999423
35.433594;-0.999903
35.435547;-0.999982
35.437500;-0.999661
35.439453;-0.998940
35.441406;-0.997820
35.443359;-0.996301
35.445312;-0.994383
35.447266;-0.992067
35.449219;-0.989355
35.451172;-0.986247
35.453125;-0.982744
35.455078;-0.978849
35.457031;-0.974561
35.458984;-0.969884
35.460938;-0.964819
35.462891;-0.959369
35.464844;-0.953534
35.466797;-0.947318
35.468750;-0.940723
35.470703;-0.933752
35.472656;-0.926407
35.474609;-0.918692
35.476562;-0.910609
35.478516;-0.902162
35.480469;-0.893355
35.482422;-0.884189
35.484375;-0.874671
35.486328;-0.864802
35.488281;-0.854587
35.490234;-0.844031
35.492188;-0.833137
35.494141;-0.821910
35.496094;-0.810354
35.498047;-0.798474
35.500000;-0.786274
35.501953;-0.773760
35.503906;-0.760937
35.505859;-0.747809
35.507812;-0.734382
35.509766;-0.720661
35.511719;-0.706653
35.513672;-0.692361
35.515625;-0.677792
35.517578;-0.662953
35.519531;-0.647848
35.521484;-0.632484
35.523438;-0.616867
35.525391;-0.601003
35.527344;-0.584899
35.529297;-0.568561
35.531250;-0.551996
35.533203;-0.535210
35.535156;-0.518209
35.537109;-0.501002
35.539062;-0.483594
35.541016;-0.465992
35.542969;-0.448205
35.544922;-0.430238
35.546875;-0.412098
35.548828;-0.393794
35.550781;-0.375333
35.552734;-0.356721
35.554688;-0.337967
35.556641;-0.319077
35.558594;-0.300060
35.560547;-0.280923
35.562500;-0.261674
35.564453;-0.242320
35.566406;-0.222868
35.568359;-0.203328
35.570312;-0.183707
35.572266;-0.164012
35.574219;-0.144251
35.576172;-0.124433
35.578125;-0.104564
35.580078;-0.084655
35.582031;-0.064711
35.583984;-0.044741
35.585938;-0.024753
35.587891;-0.004756
35.589844;0.015243
35.591797;0.035237
35.593750;0.055216
35.595703;0.075173
35.597656;0.095100
35.599609;0.114989
35.601562;0.134832
35.603516;0.154621
35.605469;0.174348
35.607422;0.194006
35.609375;0.213586
35.611328;0.233080
35.613281;0.252482
35.615234;0.271782
35.617188;0.290973
35.619141;0.310048
35.621094;0.329000
35.623047;0.347819
35.625000;0.366500
35.626953;0.385033
35.628906;0.403413
35.630859;0.421632
35.632812;0.439682
35.634766;0.457555
35.636719;0.475246
35.638672;0.492747
35.640625;0.510051
35.642578;0.527151
35.644531;0.544040
35.646484;0.560711
35.648438;0.577158
35.650391;0.593374
35.652344;0.609353
35.654297;0.625088
35.656250;0.640573
35.658203;0.655802
35.660156;0.670768
35.662109;0.685466
35.664062;0.699890
35.666016;0.714034
35.667969;0.727893
35.669922;0.741460
35.671875;0.754731
35.673828;0.767700
35.675781;0.780362
35.677734;0.792711
35.679688;0.804744
35.681641;0.816455
35.683594;0.827839
35.685547;0.838892
35.687500;0.849609
35.689453;0.859987
35.691406;0.870021
35.693359;0.879706
35.695312;0.889040
35.697266;0.898018
35.699219;0.906637
35.701172;0.914894
35.703125;0.922784
35.705078;0.930305
35.707031;0.937454
35.708984;0.944229
35.710938;0.950625
35.712891;0.956641
35.714844;0.962275
35.716797;0.967524
35.718750;0.972386
35.720703;0.976858
35.722656;0.980941
35.724609;0.984630
35.726562;0.987926
35.728516;0.990827
35.730469;0.993331
35.732422;0.995438
35.734375;0.997147
35.736328;0.998457
35.738281;0.999368
35.740234;0.999879
35.742188;0.999990
35.744141;0.999701
35.746094;0.999012
35.748047;0.997924
35.750000;0.996436
35.751953;0.994550
35.753906;0.992266
35.755859;0.989586
35.757812;0.986509
35.759766;0.983038
35.761719;0.979173
35.763672;0.974917
35.765625;0.970271
35.767578;0.965237
35.769531;0.959817
35.771484;0.954013
35.773438;0.947827
35.775391;0.941262
35.777344;0.934321
35.779297;0.927006
35.781250;0.919320
35.783203;0.911266
35.785156;0.902848
35.787109;0.894069
35.789062;0.884932
35.791016;0.875442
35.792969;0.865601
35.794922;0.855413
35.796875;0.844884
35.798828;0.834017
35.800781;0.822816
35.802734;0.811286
35.804688;0.799432
35.806641;0.787257
35.808594;0.774768
35.810547;0.761969
35.812500;0.748866
35.814453;0.735462
35.816406;0.721765
35.818359;0.707779
35.820312;0.693509
35.822266;0.678963
35.824219;0.664144
35.826172;0.649060
35.828125;0.633717
35.830078;0.618120
35.832031;0.602276
35.833984;0.586190
35.835938;0.569871
35.837891;0.553323
35.839844;0.536554
35.841797;0.519571
35.843750;0.502380
35.845703;0.484987
35.847656;0.467401
35.849609;0.449628
35.851562;0.431675
35.853516;0.413549
35.855469;0.395258
35.857422;0.376809
35.859375;0.358209
35.861328;0.339466
35.863281;0.320587
35.865234;0.301579
35.867188;0.282451
35.869141;0.263211
35.871094;0.243865
35.873047;0.224421
35.875000;0.204887
35.876953;0.185272
35.878906;0.165583
35.880859;0.145827
35.882812;0.126013
35.884766;0.106148
35.886719;0.086241
35.888672;0.066300
35.890625;0.046332
35.892578;0.026346
35.894531;0.006349
35.896484;-0.013651
35.898438;-0.033645
35.900391;-0.053626
35.902344;-0.073585
35.904297;-0.093514
35.906250;-0.113407
35.908203;-0.133254
35.910156;-0.153047
35.912109;-0.172780
35.914062;-0.192443
35.916016;-0.212030
35.917969;-0.231531
35.919922;-0.250940
35.921875;-0.270249
35.923828;-0.289449
35.925781;-0.308534
35.927734;-0.327495
35.929688;-0.346325
35.931641;-0.365017
35.933594;-0.383563
35.935547;-0.401955
35.937500;-0.420187
35.939453;-0.438250
35.941406;-0.456139
35.943359;-0.473844
35.945312;-0.491361
35.947266;-0.508680
35.949219;-0.525797
35.951172;-0.542702
35.953125;-0.559391
35.955078;-0.575856
35.957031;-0.592091
35.958984;-0.608089
35.960938;-0.623844
35.962891;-0.639349
35.964844;-0.654598
35.966797;-0.669586
35.968750;-0.684306
35.970703;-0.698752
35.972656;-0.712918
35.974609;-0.726800
35.976562;-0.740391
35.978516;-0.753685
35.980469;-0.766678
35.982422;-0.779365
35.984375;-0.791739
35.986328;-0.803797
35.988281;-0.815534
35.990234;-0.826944
35.992188;-0.838024
35.994141;-0.848768
35.996094;-0.859173
35.998047;-0.869234
36.000000;-0.878948
36.001953;-0.888310
36.003906;-0.897316
36.005859;-0.905964
36.007812;-0.914249
36.009766;-0.922169
36.011719;-0.929720
36.013672;-0.936899
36.015625;-0.943703
36.017578;-0.950130
36.019531;-0.956176
36.021484;-0.961841
36.023438;-0.967120
36.025391;-0.972013
36.027344;-0.976516
36.029297;-0.980630
36.031250;-0.984351
36.033203;-0.987678
36.035156;-0.990610
36.037109;-0.993146
36.039062;-0.995285
36.041016;-0.997026
36.042969;-0.998368
36.044922;-0.999310
36.046875;-0.999853
36.048828;-0.999996
36.050781;-0.999739
36.052734;-0.999082
36.054688;-0.998025
36.056641;-0.996570
36.058594;-0.994715
36.060547;-0.992463
36.062500;-0.989814
36.064453;-0.986768
36.066406;-0.983329
36.068359;-0.979495
36.070312;-0.975270
36.072266;-0.970655
36.074219;-0.965652
36.076172;-0.960263
36.078125;-0.954489
36.080078;-0.948334
36.082031;-0.941799
36.083984;-0.934887
36.085938;-0.927602
36.087891;-0.919945
36.089844;-0.911921
36.091797;-0.903532
36.093750;-0.894781
36.095703;-0.885673
36.097656;-0.876210
36.099609;-0.866397
36.101562;-0.856237
36.103516;-0.845735
36.105469;-0.834895
36.107422;-0.823720
36.109375;-0.812216
36.111328;-0.800388
36.113281;-0.788239
36.115234;-0.775774
36.117188;-0.763000
36.119141;-0.749920
36.121094;-0.736540
36.123047;-0.722866
36.125000;-0.708903
36.126953;-0.694656
36.128906;-0.680131
36.130859;-0.665334
36.132812;-0.650271
36.134766;-0.634948
36.136719;-0.619371
36.138672;-0.603546
36.140625;-0.587480
36.142578;-0.571179
36.144531;-0.554649
36.146484;-0.537898
36.148438;-0.520931
36.150391;-0.503756
36.152344;-0.486380
36.154297;-0.468809
36.156250;-0.451050
36.158203;-0.433111
36.160156;-0.414999
36.162109;-0.396720
36.164062;-0.378284
36.166016;-0.359695
36.167969;-0.340963
36.169922;-0.322095
36.171875;-0.303098
36.173828;-0.283979
36.175781;-0.264747
36.177734;-0.245409
36.179688;-0.225973
36.181641;-0.206446
36.183594;-0.186837
36.185547;-0.167153
36.187500;-0.147402
36.189453;-0.127593
36.191406;-0.107732
36.193359;-0.087828
36.195312;-0.067889
36.197266;-0.047923
36.199219;-0.027938
36.201172;-0.007941
36.203125;0.012058
36.205078;0.032053
36.207031;0.052035
36.208984;0.071996
36.210938;0.091929
36.212891;0.111824
36.214844;0.131675
36.216797;0.151473
36.218750;0.171211
36.220703;0.190880
36.222656;0.210473
36.224609;0.229981
36.226562;0.249398
36.228516;0.268715
36.230469;0.287924
36.232422;0.307018
36.234375;0.325990
36.236328;0.344831
36.238281;0.363534
36.240234;0.382092
36.242188;0.400496
36.244141;0.418741
36.246094;0.436818
36.248047;0.454721
36.250000;0.472441
36.251953;0.489973
36.253906;0.507308
36.255859;0.524441
36.257812;0.541364
36.259766;0.558070
36.261719;0.574554
36.263672;0.590807
36.265625;0.606824
36.267578;0.622598
36.269531;0.638124
36.271484;0.653394
36.273438;0.668402
36.275391;0.683144
36.277344;0.697612
36.279297;0.711801
36.281250;0.725705
36.283203;0.739319
36.285156;0.752637
36.287109;0.765655
36.289062;0.778366
36.291016;0.790766
36.292969;0.802849
36.294922;0.814611
36.296875;0.826048
36.298828;0.837154
36.300781;0.847925
36.302734;0.858357
36.304688;0.868446
36.306641;0.878187
36.308594;0.887577
36.310547;0.896612
36.312500;0.905289
36.314453;0.913603
36.316406;0.921552
36.318359;0.929132
36.320312;0.936341
36.322266;0.943175
36.324219;0.949632
36.326172;0.955709
36.328125;0.961403
36.330078;0.966714
36.332031;0.971637
36.333984;0.976172
36.335938;0.980317
36.337891;0.984069
36.339844;0.987428
36.341797;0.990391
36.343750;0.992959
36.345703;0.995129
36.347656;0.996902
36.349609;0.998275
36.351562;0.999250
36.353516;0.999824
36.355469;0.999999
36.357422;0.999774
36.359375;0.999149
36.361328;0.998124
36.363281;0.996700
36.365234;0.994877
36.367188;0.992657
36.369141;0.990039
36.371094;0.987025
36.373047;0.983617
36.375000;0.979815
36.376953;0.975621
36.378906;0.971037
36.380859;0.966065
36.382812;0.960706
36.384766;0.954963
36.386719;0.948838
36.388672;0.942333
36.390625;0.935451
36.392578;0.928196
36.394531;0.920569
36.396484;0.912574
36.398438;0.904213
36.400391;0.895491
36.402344;0.886411
36.404297;0.876977
36.406250;0.867191
36.408203;0.857059
36.410156;0.846584
36.412109;0.835770
36.414062;0.824622
36.416016;0.813144
36.417969;0.801341
36.419922;0.789218
36.421875;0.776778
36.423828;0.764028
36.425781;0.750973
36.427734;0.737617
36.429688;0.723966
36.431641;0.710025
36.433594;0.695801
36.435547;0.681298
36.437500;0.666522
36.439453;0.651480
36.441406;0.636178
36.443359;0.620621
36.445312;0.604815
36.447266;0.588768
36.449219;0.572486
36.451172;0.555974
36.453125;0.539240
36.455078;0.522290
36.457031;0.505131
36.458984;0.487771
36.460938;0.470215
36.462891;0.452471
36.464844;0.434546
36.466797;0.416447
36.468750;0.398182
36.470703;0.379757
36.472656;0.361181
36.474609;0.342460
36.476562;0.323602
36.478516;0.304615
36.480469;0.285506
36.482422;0.266282
36.484375;0.246953
36.486328;0.227524
36.488281;0.208004
36.490234;0.188401
36.492188;0.168723
36.494141;0.148977
36.496094;0.129172
36.498047;0.109315
36.500000;0.089415
36.501953;0.069478
36.503906;0.049514
36.505859;0.029530
36.507812;0.009534
36.509766;-0.010466
36.511719;-0.030461
36.513672;-0.050444
36.515625;-0.070408
36.517578;-0.090343
36.519531;-0.110241
36.521484;-0.130096
36.523438;-0.149899
36.525391;-0.169641
36.527344;-0.189316
36.529297;-0.208916
36.531250;-0.228431
36.533203;-0.247855
36.535156;-0.267180
36.537109;-0.286399
36.539062;-0.305502
36.541016;-0.324484
36.542969;-0.343335
36.544922;-0.362050
36.546875;-0.380619
36.548828;-0.399037
36.550781;-0.417294
36.552734;-0.435385
36.554688;-0.453302
36.556641;-0.471037
36.558594;-0.488584
36.560547;-0.505935
36.562500;-0.523084
36.564453;-0.540024
36.566406;-0.556748
36.568359;-0.573249
36.570312;-0.589521
36.572266;-0.605557
36.574219;-0.621351
36.576172;-0.636896
36.578125;-0.652187
36.580078;-0.667217
36.582031;-0.681980
36.583984;-0.696470
36.585938;-0.710681
36.587891;-0.724608
36.589844;-0.738246
36.591797;-0.751588
36.593750;-0.764629
36.595703;-0.777365
36.597656;-0.789790
36.599609;-0.801898
36.601562;-0.813686
36.603516;-0.825149
36.605469;-0.836281
36.607422;-0.847080
36.609375;-0.857539
36.611328;-0.867655
36.613281;-0.877424
36.615234;-0.886842
36.617188;-0.895906
36.619141;-0.904611
36.621094;-0.912954
36.623047;-0.920932
36.625000;-0.928542
36.626953;-0.935780
36.628906;-0.942644
36.630859;-0.949131
36.632812;-0.955239
36.634766;-0.960964
36.636719;-0.966305
36.638672;-0.971259
36.640625;-0.975825
36.642578;-0.980001
36.644531;-0.983784
36.646484;-0.987175
36.648438;-0.990170
36.650391;-0.992769
36.652344;-0.994971
36.654297;-0.996775
36.656250;-0.998181
36.658203;-0.999187
36.660156;-0.999793
36.662109;-1.000000
36.664062;-0.999807
36.666016;-0.999213
36.667969;-0.998220
36.669922;-0.996828
36.671875;-0.995037
36.673828;-0.992848
36.675781;-0.990262
36.677734;-0.987280
36.679688;-0.983903
36.681641;-0.980132
36.683594;-0.975969
36.685547;-0.971416
36.687500;-0.966475
36.689453;-0.961147
36.691406;-0.955434
36.693359;-0.949339
36.695312;-0.942865
36.697266;-0.936013
36.699219;-0.928787
36.701172;-0.921190
36.703125;-0.913224
36.705078;-0.904892
36.707031;-0.896199
36.708984;-0.887147
36.710938;-0.877741
36.712891;-0.867983
36.714844;-0.857879
36.716797;-0.847431
36.718750;-0.836644
36.720703;-0.825522
36.722656;-0.814070
36.724609;-0.802293
36.726562;-0.790195
36.728516;-0.777780
36.730469;-0.765055
36.732422;-0.752024
36.734375;-0.738691
36.736328;-0.725064
36.738281;-0.711146
36.740234;-0.696944
36.742188;-0.682463
36.744141;-0.667709
36.746094;-0.652688
36.748047;-0.637406
36.750000;-0.621869
36.751953;-0.606083
36.753906;-0.590055
36.755859;-0.573791
36.757812;-0.557297
36.759766;-0.540580
36.761719;-0.523648
36.763672;-0.506505
36.765625;-0.489160
36.767578;-0.471620
36.769531;-0.453891
36.771484;-0.435980
36.773438;-0.417895
36.775391;-0.399643
36.777344;-0.381230
36.779297;-0.362666
36.781250;-0.343956
36.783203;-0.325109
36.785156;-0.306132
36.787109;-0.287032
36.789062;-0.267817
36.791016;-0.248496
36.792969;-0.229075
36.794922;-0.209562
36.796875;-0.189965
36.798828;-0.170293
36.800781;-0.150552
36.802734;-0.130751
36.804688;-0.110898
36.806641;-0.091001
36.808594;-0.071067
36.810547;-0.051105
36.812500;-0.031122
36.814453;-0.011127
36.816406;0.008873
36.818359;0.028869
36.820312;0.048854
36.822266;0.068819
36.824219;0.088756
36.826172;0.108658
36.828125;0.128517
36.830078;0.148324
36.832031;0.168072
36.833984;0.187752
36.835938;0.207358
36.837891;0.226880
36.839844;0.246312
36.841797;0.265645
36.843750;0.284872
36.845703;0.303985
36.847656;0.322977
36.849609;0.341839
36.851562;0.360565
36.853516;0.379146
36.855469;0.397576
36.857422;0.415846
36.859375;0.433951
36.861328;0.451881
36.863281;0.469631
36.865234;0.487193
36.867188;0.504561
36.869141;0.521726
36.871094;0.538683
36.873047;0.555424
36.875000;0.571943
36.876953;0.588234
36.878906;0.604289
36.880859;0.620102
36.882812;0.635668
36.884766;0.650979
36.886719;0.666030
36.888672;0.680814
36.890625;0.695326
36.892578;0.709560
36.894531;0.723510
36.896484;0.737170
36.898438;0.750536
36.900391;0.763602
36.902344;0.776362
36.904297;0.788812
36.906250;0.800946
36.908203;0.812760
36.910156;0.824248
36.912109;0.835407
36.914062;0.846232
36.916016;0.856718
36.917969;0.866862
36.919922;0.876659
36.921875;0.886105
36.923828;0.895197
36.925781;0.903931
36.927734;0.912303
36.929688;0.920310
36.931641;0.927950
36.933594;0.935218
36.935547;0.942112
36.937500;0.948629
36.939453;0.954766
36.941406;0.960522
36.943359;0.965894
36.945312;0.970879
36.947266;0.975476
36.949219;0.979683
36.951172;0.983498
36.953125;0.986919
36.955078;0.989946
36.957031;0.992577
36.958984;0.994810
36.960938;0.996646
36.962891;0.998083
36.964844;0.999121
36.966797;0.999760
36.968750;0.999998
36.970703;0.999837
36.972656;0.999275
36.974609;0.998314
36.976562;0.996954
36.978516;0.995194
36.980469;0.993037
36.982422;0.990483
36.984375;0.987532
36.986328;0.984186
36.988281;0.980447
36.990234;0.976315
36.992188;0.971793
36.994141;0.966883
36.996094;0.961585
36.998047;0.955903
37.000000;0.949839
37.001953;0.943394
37.003906;0.936573
37.005859;0.929376
37.007812;0.921808
37.009766;0.913871
37.011719;0.905569
37.013672;0.896905
37.015625;0.887881
37.017578;0.878503
37.019531;0.868773
37.021484;0.858696
37.023438;0.848275
37.025391;0.837515
37.027344;0.826420
37.029297;0.814994
37.031250;0.803243
37.033203;0.791170
37.035156;0.778781
37.037109;0.766080
37.039062;0.753073
37.041016;0.739764
37.042969;0.726160
37.044922;0.712265
37.046875;0.698085
37.048828;0.683626
37.050781;0.668894
37.052734;0.653894
37.054688;0.638632
37.056641;0.623115
37.058594;0.607349
37.060547;0.591340
37.062500;0.575094
37.064453;0.558619
37.066406;0.541920
37.068359;0.525004
37.070312;0.507878
37.072266;0.490549
37.074219;0.473024
37.076172;0.455309
37.078125;0.437413
37.080078;0.419341
37.082031;0.401102
37.083984;0.382702
37.085938;0.364150
37.087891;0.345451
37.089844;0.326615
37.091797;0.307647
37.093750;0.288557
37.095703;0.269351
37.097656;0.250038
37.099609;0.230625
37.101562;0.211119
37.103516;0.191529
37.105469;0.171862
37.107422;0.152127
37.109375;0.132330
37.111328;0.112481
37.113281;0.092587
37.115234;0.072656
37.117188;0.052695
37.119141;0.032714
37.121094;0.012719
37.123047;-0.007280
37.125000;-0.027277
37.126953;-0.047263
37.128906;-0.067230
37.130859;-0.087170
37.132812;-0.107075
37.134766;-0.126937
37.136719;-0.146749
37.138672;-0.166501
37.140625;-0.186188
37.142578;-0.205799
37.144531;-0.225329
37.146484;-0.244768
37.148438;-0.264109
37.150391;-0.283345
37.152344;-0.302468
37.154297;-0.321469
37.156250;-0.340342
37.158203;-0.359079
37.160156;-0.377672
37.162109;-0.396114
37.164062;-0.414397
37.166016;-0.432515
37.167969;-0.450460
37.169922;-0.468225
37.171875;-0.485802
37.173828;-0.503185
37.175781;-0.520367
37.177734;-0.537340
37.179688;-0.554099
37.181641;-0.570636
37.183594;-0.586945
37.185547;-0.603019
37.187500;-0.618852
37.189453;-0.634437
37.191406;-0.649769
37.193359;-0.664841
37.195312;-0.679646
37.197266;-0.694180
37.199219;-0.708436
37.201172;-0.722409
37.203125;-0.736093
37.205078;-0.749483
37.207031;-0.762572
37.208984;-0.775357
37.210938;-0.787832
37.212891;-0.799991
37.214844;-0.811831
37.216797;-0.823345
37.218750;-0.834531
37.220703;-0.845382
37.222656;-0.855896
37.224609;-0.866067
37.226562;-0.875892
37.228516;-0.885366
37.230469;-0.894486
37.232422;-0.903248
37.234375;-0.911650
37.236328;-0.919686
37.238281;-0.927355
37.240234;-0.934652
37.242188;-0.941576
37.244141;-0.948124
37.246094;-0.954292
37.248047;-0.960078
37.250000;-0.965480
37.251953;-0.970496
37.253906;-0.975124
37.255859;-0.979362
37.257812;-0.983208
37.259766;-0.986661
37.261719;-0.989719
37.263672;-0.992382
37.265625;-0.994647
37.267578;-0.996515
37.269531;-0.997984
37.271484;-0.999053
37.273438;-0.999723
37.275391;-0.999994
37.277344;-0.999864
37.279297;-0.999335
37.281250;-0.998405
37.283203;-0.997077
37.285156;-0.995349
37.287109;-0.993223
37.289062;-0.990700
37.291016;-0.987781
37.292969;-0.984467
37.294922;-0.980759
37.296875;-0.976659
37.298828;-0.972168
37.300781;-0.967288
37.302734;-0.962021
37.304688;-0.956370
37.306641;-0.950336
37.308594;-0.943921
37.310547;-0.937130
37.312500;-0.929963
37.314453;-0.922424
37.316406;-0.914517
37.318359;-0.906244
37.320312;-0.897608
37.322266;-0.888613
37.324219;-0.879263
37.326172;-0.869561
37.328125;-0.859511
37.330078;-0.849118
37.332031;-0.838384
37.333984;-0.827316
37.335938;-0.815916
37.337891;-0.804191
37.339844;-0.792143
37.341797;-0.779779
37.343750;-0.767102
37.345703;-0.754119
37.347656;-0.740835
37.349609;-0.727254
37.351562;-0.713382
37.353516;-0.699225
37.355469;-0.684788
37.357422;-0.670077
37.359375;-0.655098
37.361328;-0.639857
37.363281;-0.624360
37.365234;-0.608614
37.367188;-0.592624
37.369141;-0.576397
37.371094;-0.559939
37.373047;-0.543258
37.375000;-0.526359
37.376953;-0.509249
37.378906;-0.491936
37.380859;-0.474426
37.382812;-0.456727
37.384766;-0.438844
37.386719;-0.420787
37.388672;-0.402561
37.390625;-0.384173
37.392578;-0.365633
37.394531;-0.346945
37.396484;-0.328120
37.398438;-0.309163
37.400391;-0.290082
37.402344;-0.270885
37.404297;-0.251580
37.406250;-0.232174
37.408203;-0.212676
37.410156;-0.193092
37.412109;-0.173431
37.414062;-0.153701
37.416016;-0.133909
37.417969;-0.114064
37.419922;-0.094173
37.421875;-0.074244
37.423828;-0.054286
37.425781;-0.034306
37.427734;-0.014312
37.429688;0.005688
37.431641;0.025685
37.433594;0.045672
37.435547;0.065640
37.437500;0.085583
37.439453;0.105491
37.441406;0.125357
37.443359;0.145173
37.445312;0.164931
37.447266;0.184622
37.449219;0.204240
37.451172;0.223777
37.453125;0.243223
37.455078;0.262573
37.457031;0.281817
37.458984;0.300949
37.460938;0.319960
37.462891;0.338844
37.464844;0.357592
37.466797;0.376196
37.468750;0.394651
37.470703;0.412947
37.472656;0.431078
37.474609;0.449037
37.476562;0.466817
37.478516;0.484409
37.480469;0.501808
37.482422;0.519006
37.484375;0.535996
37.486328;0.552773
37.488281;0.569328
37.490234;0.585655
37.492188;0.601748
37.494141;0.617600
37.496094;0.633205
37.498047;0.648557
37.500000;0.663650
37.501953;0.678477
37.503906;0.693033
37.505859;0.707311
37.507812;0.721307
37.509766;0.735014
37.511719;0.748427
37.513672;0.761541
37.515625;0.774350
37.517578;0.786850
37.519531;0.799034
37.521484;0.810900
37.523438;0.822440
37.525391;0.833652
37.527344;0.844530
37.529297;0.855071
37.531250;0.865269
37.533203;0.875122
37.535156;0.884624
37.537109;0.893773
37.539062;0.902564
37.541016;0.910994
37.542969;0.919060
37.544922;0.926758
37.546875;0.934085
37.548828;0.941039
37.550781;0.947616
37.552734;0.953814
37.554688;0.959631
37.556641;0.965064
37.558594;0.970111
37.560547;0.974770
37.562500;0.979039
37.564453;0.982916
37.566406;0.986400
37.568359;0.989490
37.570312;0.992184
37.572266;0.994481
37.574219;0.996380
37.576172;0.997881
37.578125;0.998983
37.580078;0.999685
37.582031;0.999987
37.583984;0.999889
37.585938;0.999391
37.587891;0.998494
37.589844;0.997197
37.591797;0.995501
37.593750;0.993407
37.595703;0.990916
37.597656;0.988028
37.599609;0.984745
37.601562;0.981069
37.603516;0.977000
37.605469;0.972540
37.607422;0.967691
37.609375;0.962455
37.611328;0.956834
37.613281;0.950830
37.615234;0.944446
37.617188;0.937684
37.619141;0.930547
37.621094;0.923038
37.623047;0.915160
37.625000;0.906916
37.626953;0.898309
37.628906;0.889342
37.630859;0.880020
37.632812;0.870346
37.634766;0.860324
37.636719;0.849958
37.638672;0.839251
37.640625;0.828209
37.642578;0.816836
37.644531;0.805136
37.646484;0.793114
37.648438;0.780775
37.650391;0.768123
37.652344;0.755165
37.654297;0.741904
37.656250;0.728346
37.658203;0.714497
37.660156;0.700362
37.662109;0.685947
37.664062;0.671258
37.666016;0.656301
37.667969;0.641080
37.669922;0.625604
37.671875;0.609877
37.673828;0.593906
37.675781;0.577697
37.677734;0.561258
37.679688;0.544594
37.681641;0.527712
37.683594;0.510619
37.685547;0.493322
37.687500;0.475828
37.689453;0.458143
37.691406;0.440275
37.693359;0.422231
37.695312;0.404018
37.697266;0.385643
37.699219;0.367115
37.701172;0.348439
37.703125;0.329624
37.705078;0.310677
37.707031;0.291606
37.708984;0.272418
37.710938;0.253121
37.712891;0.233723
37.714844;0.214232
37.716797;0.194654
37.718750;0.174999
37.720703;0.155274
37.722656;0.135487
37.724609;0.115646
37.726562;0.095758
37.728516;0.075832
37.730469;0.055876
37.732422;0.035897
37.734375;0.015904
37.736328;-0.004095
37.738281;-0.024093
37.740234;-0.044081
37.742188;-0.064051
37.744141;-0.083996
37.746094;-0.103907
37.748047;-0.123777
37.750000;-0.143597
37.751953;-0.163360
37.753906;-0.183057
37.755859;-0.202681
37.757812;-0.222224
37.759766;-0.241678
37.761719;-0.261036
37.763672;-0.280289
37.765625;-0.299430
37.767578;-0.318451
37.769531;-0.337345
37.771484;-0.356104
37.773438;-0.374720
37.775391;-0.393187
37.777344;-0.411496
37.779297;-0.429641
37.781250;-0.447614
37.783203;-0.465407
37.785156;-0.483015
37.787109;-0.500430
37.789062;-0.517644
37.791016;-0.534651
37.792969;-0.551445
37.794922;-0.568017
37.796875;-0.584363
37.798828;-0.600475
37.800781;-0.616347
37.802734;-0.631972
37.804688;-0.647344
37.806641;-0.662458
37.808594;-0.677306
37.810547;-0.691884
37.812500;-0.706185
37.814453;-0.720203
37.816406;-0.733933
37.818359;-0.747370
37.820312;-0.760508
37.822266;-0.773342
37.824219;-0.785866
37.826172;-0.798076
37.828125;-0.809967
37.830078;-0.821533
37.832031;-0.832771
37.833984;-0.843676
37.835938;-0.854244
37.837891;-0.864470
37.839844;-0.874350
37.841797;-0.883880
37.843750;-0.893057
37.845703;-0.901877
37.847656;-0.910336
37.849609;-0.918431
37.851562;-0.926158
37.853516;-0.933515
37.855469;-0.940499
37.857422;-0.947106
37.859375;-0.953335
37.861328;-0.959182
37.863281;-0.964646
37.865234;-0.969723
37.867188;-0.974413
37.869141;-0.978713
37.871094;-0.982622
37.873047;-0.986137
37.875000;-0.989259
37.876953;-0.991984
37.878906;-0.994313
37.880859;-0.996244
37.882812;-0.997776
37.884766;-0.998910
37.886719;-0.999644
37.888672;-0.999978
37.890625;-0.999912
37.892578;-0.999446
37.894531;-0.998580
37.896484;-0.997315
37.898438;-0.995651
37.900391;-0.993589
37.902344;-0.991129
37.904297;-0.988273
37.906250;-0.985021
37.908203;-0.981376
37.910156;-0.977338
37.912109;-0.972909
37.914062;-0.968091
37.916016;-0.962886
37.917969;-0.957295
37.919922;-0.951322
37.921875;-0.944968
37.923828;-0.938237
37.925781;-0.931129
37.927734;-0.923650
37.929688;-0.915801
37.931641;-0.907586
37.933594;-0.899007
37.935547;-0.890070
37.937500;-0.880776
37.939453;-0.871129
37.941406;-0.861135
37.943359;-0.850796
37.945312;-0.840116
37.947266;-0.829101
37.949219;-0.817754
37.951172;-0.806080
37.953125;-0.794083
37.955078;-0.781769
37.957031;-0.769142
37.958984;-0.756208
37.960938;-0.742971
37.962891;-0.729436
37.964844;-0.715611
37.966797;-0.701498
37.968750;-0.687106
37.970703;-0.672438
37.972656;-0.657501
37.974609;-0.642302
37.976562;-0.626845
37.978516;-0.611138
37.980469;-0.595187
37.982422;-0.578997
37.984375;-0.562576
37.986328;-0.545929
37.988281;-0.529064
37.990234;-0.511988
37.992188;-0.494707
37.994141;-0.477228
37.996094;-0.459558
37.998047;-0.441705
38.000000;-0.423674
38.001953;-0.405474
38.003906;-0.387112
38.005859;-0.368596
38.007812;-0.349931
38.009766;-0.331127
38.011719;-0.312190
38.013672;-0.293129
38.015625;-0.273950
38.017578;-0.254662
38.019531;-0.235271
38.021484;-0.215787
38.023438;-0.196216
38.025391;-0.176567
38.027344;-0.156847
38.029297;-0.137065
38.031250;-0.117228
38.033203;-0.097343
38.035156;-0.077420
38.037109;-0.057466
38.039062;-0.037489
38.041016;-0.017497
38.042969;0.002502
38.044922;0.022500
38.046875;0.042489
38.048828;0.062462
38.050781;0.082409
38.052734;0.102323
38.054688;0.122196
38.056641;0.142020
38.058594;0.161788
38.060547;0.181491
38.062500;0.201121
38.064453;0.220671
38.066406;0.240132
38.068359;0.259498
38.070312;0.278760
38.072266;0.297910
38.074219;0.316941
38.076172;0.335845
38.078125;0.354615
38.080078;0.373243
38.082031;0.391722
38.083984;0.410044
38.085938;0.428202
38.087891;0.446189
38.089844;0.463997
38.091797;0.481620
38.093750;0.499050
38.095703;0.516281
38.097656;0.533305
38.099609;0.550115
38.101562;0.566706
38.103516;0.583070
38.105469;0.599201
38.107422;0.615092
38.109375;0.630737
38.111328;0.646129
38.113281;0.661264
38.115234;0.676134
38.117188;0.690733
38.119141;0.705056
38.121094;0.719097
38.123047;0.732851
38.125000;0.746311
38.126953;0.759473
38.128906;0.772331
38.130859;0.784880
38.132812;0.797115
38.134766;0.809031
38.136719;0.820624
38.138672;0.831889
38.140625;0.842820
38.142578;0.853415
38.144531;0.863668
38.146484;0.873576
38.148438;0.883134
38.150391;0.892340
38.152344;0.901188
38.154297;0.909676
38.156250;0.917799
38.158203;0.925556
38.160156;0.932943
38.162109;0.939956
38.164062;0.946594
38.166016;0.952853
38.167969;0.958730
38.169922;0.964225
38.171875;0.969333
38.173828;0.974054
38.175781;0.978385
38.177734;0.982325
38.179688;0.985872
38.181641;0.989025
38.183594;0.991782
38.185547;0.994142
38.187500;0.996105
38.189453;0.997669
38.191406;0.998834
38.193359;0.999600
38.195312;0.999966
38.197266;0.999932
38.199219;0.999497
38.201172;0.998664
38.203125;0.997430
38.205078;0.995798
38.207031;0.993767
38.208984;0.991339
38.210938;0.988515
38.212891;0.985295
38.214844;0.981681
38.216797;0.977674
38.218750;0.973276
38.220703;0.968489
38.222656;0.963314
38.224609;0.957755
38.226562;0.951812
38.228516;0.945488
38.230469;0.938786
38.232422;0.931709
38.234375;0.924259
38.236328;0.916440
38.238281;0.908253
38.240234;0.899704
38.242188;0.890794
38.244141;0.881529
38.246094;0.871910
38.248047;0.861943
38.250000;0.851632
38.251953;0.840979
38.253906;0.829990
38.255859;0.818670
38.257812;0.807021
38.259766;0.795050
38.261719;0.782761
38.263672;0.770159
38.265625;0.757249
38.267578;0.744036
38.269531;0.730525
38.271484;0.716722
38.273438;0.702633
38.275391;0.688262
38.277344;0.673616
38.279297;0.658701
38.281250;0.643522
38.283203;0.628086
38.285156;0.612398
38.287109;0.596466
38.289062;0.580295
38.291016;0.563892
38.292969;0.547263
38.294922;0.530415
38.296875;0.513356
38.298828;0.496091
38.300781;0.478627
38.302734;0.460972
38.304688;0.443133
38.306641;0.425116
38.308594;0.406930
38.310547;0.388580
38.312500;0.370076
38.314453;0.351423
38.316406;0.332630
38.318359;0.313703
38.320312;0.294651
38.322266;0.275481
38.324219;0.256201
38.326172;0.236819
38.328125;0.217342
38.330078;0.197778
38.332031;0.178135
38.333984;0.158420
38.335938;0.138642
38.337891;0.118809
38.339844;0.098928
38.341797;0.079008
38.343750;0.059056
38.345703;0.039081
38.347656;0.019089
38.349609;-0.000910
38.351562;-0.020908
38.353516;-0.040898
38.355469;-0.060872
38.357422;-0.080821
38.359375;-0.100738
38.361328;-0.120615
38.363281;-0.140444
38.365234;-0.160216
38.367188;-0.179924
38.369141;-0.199561
38.371094;-0.219117
38.373047;-0.238586
38.375000;-0.257959
38.376953;-0.277230
38.378906;-0.296389
38.380859;-0.315430
38.382812;-0.334344
38.384766;-0.353125
38.386719;-0.371765
38.388672;-0.390256
38.390625;-0.408591
38.392578;-0.426762
38.394531;-0.444763
38.396484;-0.462586
38.398438;-0.480224
38.400391;-0.497669
38.402344;-0.514916
38.404297;-0.531957
38.406250;-0.548784
38.408203;-0.565393
38.410156;-0.581775
38.412109;-0.597925
38.414062;-0.613835
38.416016;-0.629500
38.417969;-0.644913
38.419922;-0.660068
38.421875;-0.674959
38.423828;-0.689580
38.425781;-0.703926
38.427734;-0.717989
38.429688;-0.731766
38.431641;-0.745250
38.433594;-0.758436
38.435547;-0.771318
38.437500;-0.783892
38.439453;-0.796152
38.441406;-0.808094
38.443359;-0.819713
38.445312;-0.831004
38.447266;-0.841962
38.449219;-0.852584
38.451172;-0.862864
38.453125;-0.872800
38.455078;-0.882386
38.457031;-0.891620
38.458984;-0.900496
38.460938;-0.909013
38.462891;-0.917166
38.464844;-0.924952
38.466797;-0.932368
38.468750;-0.939412
38.470703;-0.946079
38.472656;-0.952368
38.474609;-0.958276
38.476562;-0.963801
38.478516;-0.968940
38.480469;-0.973692
38.482422;-0.978055
38.484375;-0.982026
38.486328;-0.985604
38.488281;-0.988788
38.490234;-0.991577
38.492188;-0.993968
38.494141;-0.995963
38.496094;-0.997559
38.498047;-0.998756
38.500000;-0.999553
38.501953;-0.999951
38.503906;-0.999949
38.505859;-0.999547
38.507812;-0.998745
38.509766;-0.997543
38.511719;-0.995943
38.513672;-0.993944
38.515625;-0.991547
38.517578;-0.988754
38.519531;-0.985566
38.521484;-0.981983
38.523438;-0.978007
38.525391;-0.973641
38.527344;-0.968884
38.529297;-0.963741
38.531250;-0.958212
38.533203;-0.952299
38.535156;-0.946006
38.537109;-0.939334
38.539062;-0.932286
38.541016;-0.924866
38.542969;-0.917076
38.544922;-0.908919
38.546875;-0.900398
38.548828;-0.891517
38.550781;-0.882280
38.552734;-0.872689
38.554688;-0.862750
38.556641;-0.852465
38.558594;-0.841840
38.560547;-0.830878
38.562500;-0.819583
38.564453;-0.807961
38.566406;-0.796015
38.568359;-0.783751
38.570312;-0.771174
38.572266;-0.758288
38.574219;-0.745099
38.576172;-0.731612
38.578125;-0.717832
38.580078;-0.703765
38.582031;-0.689416
38.583984;-0.674792
38.585938;-0.659898
38.587891;-0.644740
38.589844;-0.629324
38.591797;-0.613656
38.593750;-0.597743
38.595703;-0.581591
38.597656;-0.565206
38.599609;-0.548595
38.601562;-0.531765
38.603516;-0.514722
38.605469;-0.497473
38.607422;-0.480025
38.609375;-0.462385
38.611328;-0.444560
38.613281;-0.426557
38.615234;-0.408384
38.617188;-0.390048
38.619141;-0.371555
38.621094;-0.352914
38.623047;-0.334131
38.625000;-0.315215
38.626953;-0.296173
38.628906;-0.277012
38.630859;-0.257741
38.632812;-0.238366
38.634766;-0.218896
38.636719;-0.199339
38.638672;-0.179702
38.640625;-0.159993
38.642578;-0.140220
38.644531;-0.120390
38.646484;-0.100513
38.648438;-0.080596
38.650391;-0.060646
38.652344;-0.040672
38.654297;-0.020682
38.656250;-0.000683
38.658203;0.019316
38.660156;0.039307
38.662109;0.059282
38.664062;0.079234
38.666016;0.099154
38.667969;0.119034
38.669922;0.138867
38.671875;0.158644
38.673828;0.178357
38.675781;0.198000
38.677734;0.217563
38.679688;0.237039
38.681641;0.256420
38.683594;0.275699
38.685547;0.294867
38.687500;0.313918
38.689453;0.332843
38.691406;0.351635
38.693359;0.370286
38.695312;0.388789
38.697266;0.407137
38.699219;0.425321
38.701172;0.443336
38.703125;0.461173
38.705078;0.478826
38.707031;0.496287
38.708984;0.513550
38.710938;0.530607
38.712891;0.547452
38.714844;0.564078
38.716797;0.580479
38.718750;0.596647
38.720703;0.612577
38.722656;0.628262
38.724609;0.643695
38.726562;0.658871
38.728516;0.673783
38.730469;0.688426
38.732422;0.702794
38.734375;0.716880
38.736328;0.730680
38.738281;0.744187
38.740234;0.757397
38.742188;0.770303
38.744141;0.782902
38.746094;0.795188
38.748047;0.807155
38.750000;0.818800
38.751953;0.830117
38.753906;0.841102
38.755859;0.851750
38.757812;0.862058
38.759766;0.872021
38.761719;0.881636
38.763672;0.890897
38.765625;0.899803
38.767578;0.908348
38.769531;0.916530
38.771484;0.924346
38.773438;0.931791
38.775391;0.938864
38.777344;0.945562
38.779297;0.951881
38.781250;0.957820
38.783203;0.963375
38.785156;0.968545
38.787109;0.973328
38.789062;0.977721
38.791016;0.981724
38.792969;0.985333
38.794922;0.988549
38.796875;0.991369
38.798828;0.993793
38.800781;0.995819
38.802734;0.997446
38.804688;0.998675
38.806641;0.999505
38.808594;0.999934
38.810547;0.999964
38.812500;0.999593
38.814453;0.998823
38.816406;0.997653
38.818359;0.996085
38.820312;0.994117
38.822266;0.991753
38.824219;0.988991
38.826172;0.985834
38.828125;0.982283
38.830078;0.978338
38.832031;0.974003
38.833984;0.969277
38.835938;0.964164
38.837891;0.958666
38.839844;0.952784
38.841797;0.946521
38.843750;0.939879
38.845703;0.932861
38.847656;0.925471
38.849609;0.917710
38.851562;0.909582
38.853516;0.901090
38.855469;0.892237
38.857422;0.883028
38.859375;0.873466
38.861328;0.863554
38.863281;0.853297
38.865234;0.842698
38.867188;0.831763
38.869141;0.820495
38.871094;0.808898
38.873047;0.796978
38.875000;0.784740
38.876953;0.772187
38.878906;0.759326
38.880859;0.746160
38.882812;0.732697
38.884766;0.718940
38.886719;0.704896
38.888672;0.690569
38.890625;0.675967
38.892578;0.661094
38.894531;0.645957
38.896484;0.630561
38.898438;0.614913
38.900391;0.599019
38.902344;0.582886
38.904297;0.566519
38.906250;0.549926
38.908203;0.533113
38.910156;0.516087
38.912109;0.498854
38.914062;0.481422
38.916016;0.463797
38.917969;0.445986
38.919922;0.427997
38.921875;0.409838
38.923828;0.391514
38.925781;0.373033
38.927734;0.354403
38.929688;0.335632
38.931641;0.316726
38.933594;0.297694
38.935547;0.278542
38.937500;0.259279
38.939453;0.239913
38.941406;0.220450
38.943359;0.200899
38.945312;0.181268
38.947266;0.161565
38.949219;0.141796
38.951172;0.121971
38.953125;0.102098
38.955078;0.082183
38.957031;0.062236
38.958984;0.042263
38.960938;0.022274
38.962891;0.002276
38.964844;-0.017723
38.966797;-0.037715
38.968750;-0.057692
38.970703;-0.077646
38.972656;-0.097569
38.974609;-0.117452
38.976562;-0.137289
38.978516;-0.157071
38.980469;-0.176790
38.982422;-0.196438
38.984375;-0.216008
38.986328;-0.235491
38.988281;-0.254880
38.990234;-0.274168
38.992188;-0.293345
38.994141;-0.312405
38.996094;-0.331341
38.998047;-0.350143
39.000000;-0.368806
39.001953;-0.387321
39.003906;-0.405681
39.005859;-0.423879
39.007812;-0.441908
39.009766;-0.459759
39.011719;-0.477427
39.013672;-0.494904
39.015625;-0.512183
39.017578;-0.529257
39.019531;-0.546119
39.021484;-0.562763
39.023438;-0.579181
39.025391;-0.595368
39.027344;-0.611317
39.029297;-0.627022
39.031250;-0.642475
39.033203;-0.657672
39.035156;-0.672605
39.037109;-0.687270
39.039062;-0.701660
39.041016;-0.715769
39.042969;-0.729591
39.044922;-0.743122
39.046875;-0.756356
39.048828;-0.769287
39.050781;-0.781910
39.052734;-0.794221
39.054688;-0.806214
39.056641;-0.817884
39.058594;-0.829227
39.060547;-0.840239
